"Interval start","All packets"
0,2
0.01,0
0.02,0
0.03,0
0.04,0
0.05,0
0.06,0
0.07,0
0.08,0
0.09,0
0.1,0
0.11,0
0.12,0
0.13,0
0.14,0
0.15,0
0.16,0
0.17,0
0.18,0
0.19,0
0.2,0
0.21,0
0.22,0
0.23,0
0.24,0
0.25,0
0.26,0
0.27,0
0.28,0
0.29,0
0.3,0
0.31,0
0.32,0
0.33,0
0.34,0
0.35,0
0.36,0
0.37,0
0.38,0
0.39,0
0.4,0
0.41,0
0.42,0
0.43,0
0.44,0
0.45,0
0.46,0
0.47,0
0.48,0
0.49,0
0.5,0
0.51,0
0.52,0
0.53,0
0.54,0
0.55,0
0.56,0
0.57,0
0.58,0
0.59,0
0.6,0
0.61,0
0.62,0
0.63,0
0.64,0
0.65,0
0.66,0
0.67,0
0.68,0
0.69,0
0.7,0
0.71,0
0.72,0
0.73,0
0.74,0
0.75,0
0.76,0
0.77,0
0.78,0
0.79,0
0.8,0
0.81,0
0.82,0
0.83,0
0.84,0
0.85,0
0.86,0
0.87,0
0.88,0
0.89,0
0.9,0
0.91,0
0.92,0
0.93,0
0.94,0
0.95,0
0.96,0
0.97,0
0.98,0
0.99,0
1,0
1.01,7
1.02,3
1.03,4
1.04,0
1.05,0
1.06,0
1.07,0
1.08,0
1.09,0
1.1,0
1.11,0
1.12,0
1.13,8
1.14,7
1.15,7
1.16,4
1.17,0
1.18,0
1.19,0
1.2,0
1.21,0
1.22,0
1.23,0
1.24,0
1.25,5
1.26,9
1.27,7
1.28,8
1.29,8
1.3,1
1.31,0
1.32,0
1.33,0
1.34,0
1.35,0
1.36,0
1.37,0
1.38,6
1.39,23
1.4,33
1.41,22
1.42,29
1.43,3
1.44,0
1.45,0
1.46,0
1.47,0
1.48,0
1.49,0
1.5,0
1.51,0
1.52,9
1.53,17
1.54,32
1.55,28
1.56,13
1.57,0
1.58,0
1.59,0
1.6,0
1.61,0
1.62,0
1.63,0
1.64,0
1.65,0
1.66,0
1.67,0
1.68,0
1.69,19
1.7,26
1.71,31
1.72,25
1.73,27
1.74,0
1.75,0
1.76,0
1.77,0
1.78,0
1.79,0
1.8,0
1.81,0
1.82,0
1.83,0
1.84,0
1.85,0
1.86,1
1.87,29
1.88,32
1.89,32
1.9,28
1.91,7
1.92,0
1.93,0
1.94,0
1.95,0
1.96,0
1.97,0
1.98,0
1.99,0
2,0
2.01,0
2.02,0
2.03,3
2.04,35
2.05,30
2.06,32
2.07,32
2.08,12
2.09,0
2.1,0
2.11,0
2.12,0
2.13,0
2.14,0
2.15,0
2.16,0
2.17,0
2.18,0
2.19,0
2.2,0
2.21,0
2.22,16
2.23,20
2.24,32
2.25,13
2.26,0
2.27,0
2.28,0
2.29,0
2.3,0
2.31,0
2.32,0
2.33,0
2.34,0
2.35,0
2.36,0
2.37,0
2.38,10
2.39,29
2.4,28
2.41,32
2.42,32
2.43,7
2.44,0
2.45,0
2.46,0
2.47,0
2.48,0
2.49,0
2.5,0
2.51,0
2.52,0
2.53,0
2.54,0
2.55,0
2.56,0
2.57,0
2.58,0
2.59,0
2.6,0
2.61,0
2.62,0
2.63,0
2.64,0
2.65,0
2.66,0
2.67,0
2.68,0
2.69,0
2.7,0
2.71,0
2.72,0
2.73,24
2.74,28
2.75,18
2.76,31
2.77,22
2.78,1
2.79,0
2.8,0
2.81,0
2.82,0
2.83,0
2.84,0
2.85,0
2.86,0
2.87,0
2.88,0
2.89,0
2.9,13
2.91,31
2.92,32
2.93,28
2.94,32
2.95,5
2.96,0
2.97,0
2.98,0
2.99,0
3,0
3.01,0
3.02,0
3.03,0
3.04,0
3.05,0
3.06,0
3.07,6
3.08,32
3.09,25
3.1,33
3.11,31
3.12,13
3.13,0
3.14,0
3.15,0
3.16,0
3.17,0
3.18,0
3.19,0
3.2,0
3.21,0
3.22,0
3.23,0
3.24,0
3.25,25
3.26,26
3.27,31
3.28,32
3.29,17
3.3,0
3.31,0
3.32,0
3.33,0
3.34,0
3.35,0
3.36,0
3.37,0
3.38,0
3.39,0
3.4,0
3.41,0
3.42,25
3.43,31
3.44,29
3.45,30
3.46,16
3.47,0
3.48,0
3.49,0
3.5,0
3.51,0
3.52,0
3.53,0
3.54,0
3.55,0
3.56,0
3.57,0
3.58,0
3.59,18
3.6,25
3.61,26
3.62,12
3.63,21
3.64,3
3.65,0
3.66,0
3.67,0
3.68,0
3.69,0
3.7,0
3.71,0
3.72,0
3.73,0
3.74,0
3.75,0
3.76,0
3.77,5
3.78,10
3.79,35
3.8,27
3.81,6
3.82,0
3.83,0
3.84,0
3.85,0
3.86,0
3.87,0
3.88,0
3.89,0
3.9,0
3.91,0
3.92,0
3.93,0
3.94,19
3.95,22
3.96,33
3.97,24
3.98,24
3.99,0
4,0
4.01,0
4.02,0
4.03,0
4.04,0
4.05,0
4.06,0
4.07,0
4.08,0
4.09,0
4.1,0
4.11,8
4.12,22
4.13,31
4.14,32
4.15,32
4.16,10
4.17,0
4.18,0
4.19,0
4.2,0
4.21,0
4.22,0
4.23,0
4.24,0
4.25,0
4.26,0
4.27,0
4.28,2
4.29,29
4.3,29
4.31,33
4.32,28
4.33,14
4.34,0
4.35,0
4.36,0
4.37,0
4.38,0
4.39,0
4.4,0
4.41,0
4.42,18
4.43,31
4.44,31
4.45,29
4.46,29
4.47,0
4.48,0
4.49,0
4.5,0
4.51,0
4.52,0
4.53,0
4.54,0
4.55,7
4.56,32
4.57,29
4.58,33
4.59,23
4.6,6
4.61,0
4.62,0
4.63,0
4.64,0
4.65,11
4.66,32
4.67,31
4.68,31
4.69,23
4.7,24
4.71,31
4.72,32
4.73,15
4.74,29
4.75,30
4.76,29
4.77,19
4.78,10
4.79,11
4.8,9
4.81,29
4.82,30
4.83,27
4.84,29
4.85,20
4.86,11
4.87,23
4.88,17
4.89,15
4.9,21
4.91,13
4.92,0
4.93,0
4.94,5
4.95,3
4.96,6
4.97,5
4.98,6
4.99,7
5,8
5.01,8
5.02,9
5.03,9
5.04,11
5.05,9
5.06,10
5.07,8
5.08,9
5.09,9
5.1,10
5.11,14
5.12,26
5.13,20
5.14,12
5.15,12
5.16,9
5.17,12
5.18,18
5.19,10
5.2,6
5.21,0
5.22,17
5.23,28
5.24,8
5.25,24
5.26,17
5.27,10
5.28,9
5.29,10
5.3,14
5.31,10
5.32,10
5.33,12
5.34,6
5.35,17
5.36,18
5.37,24
5.38,20
5.39,9
5.4,15
5.41,15
5.42,14
5.43,11
5.44,11
5.45,11
5.46,9
5.47,11
5.48,15
5.49,20
5.5,10
5.51,12
5.52,9
5.53,11
5.54,12
5.55,7
5.56,11
5.57,9
5.58,13
5.59,15
5.6,18
5.61,15
5.62,20
5.63,12
5.64,7
5.65,20
5.66,15
5.67,18
5.68,5
5.69,0
5.7,0
5.71,0
5.72,0
5.73,0
5.74,0
5.75,2
5.76,4
5.77,5
5.78,4
5.79,4
5.8,9
5.81,8
5.82,7
5.83,9
5.84,9
5.85,8
5.86,11
5.87,11
5.88,9
5.89,9
5.9,10
5.91,10
5.92,10
5.93,10
5.94,10
5.95,10
5.96,11
5.97,10
5.98,15
5.99,11
6,10
6.01,10
6.02,10
6.03,9
6.04,10
6.05,1
6.06,0
6.07,0
6.08,1
6.09,27
6.1,25
6.11,14
6.12,7
6.13,11
6.14,11
6.15,8
6.16,12
6.17,10
6.18,8
6.19,9
6.2,4
6.21,0
6.22,19
6.23,13
6.24,11
6.25,4
6.26,12
6.27,12
6.28,9
6.29,10
6.3,9
6.31,5
6.32,10
6.33,10
6.34,10
6.35,8
6.36,11
6.37,12
6.38,10
6.39,10
6.4,9
6.41,10
6.42,10
6.43,9
6.44,6
6.45,0
6.46,0
6.47,0
6.48,0
6.49,0
6.5,0
6.51,0
6.52,0
6.53,0
6.54,0
6.55,3
6.56,4
6.57,4
6.58,5
6.59,6
6.6,7
6.61,7
6.62,8
6.63,9
6.64,7
6.65,12
6.66,9
6.67,8
6.68,13
6.69,6
6.7,13
6.71,9
6.72,11
6.73,10
6.74,9
6.75,9
6.76,10
6.77,9
6.78,11
6.79,10
6.8,10
6.81,11
6.82,10
6.83,10
6.84,11
6.85,10
6.86,11
6.87,11
6.88,10
6.89,11
6.9,9
6.91,9
6.92,11
6.93,11
6.94,9
6.95,10
6.96,10
6.97,10
6.98,5
6.99,15
7,11
7.01,2
7.02,10
7.03,12
7.04,9
7.05,7
7.06,0
7.07,7
7.08,7
7.09,12
7.1,11
7.11,3
7.12,5
7.13,14
7.14,10
7.15,11
7.16,6
7.17,9
7.18,11
7.19,11
7.2,1
7.21,3
7.22,10
7.23,10
7.24,10
7.25,9
7.26,3
7.27,1
7.28,0
7.29,0
7.3,0
7.31,0
7.32,0
7.33,0
7.34,0
7.35,0
7.36,4
7.37,4
7.38,4
7.39,4
7.4,7
7.41,7
7.42,8
7.43,8
7.44,9
7.45,7
7.46,11
7.47,10
7.48,10
7.49,7
7.5,14
7.51,10
7.52,9
7.53,9
7.54,10
7.55,9
7.56,2
7.57,9
7.58,10
7.59,9
7.6,10
7.61,0
7.62,4
7.63,9
7.64,9
7.65,11
7.66,10
7.67,10
7.68,3
7.69,10
7.7,10
7.71,11
7.72,12
7.73,6
7.74,0
7.75,10
7.76,10
7.77,10
7.78,10
7.79,10
7.8,5
7.81,10
7.82,8
7.83,7
7.84,7
7.85,8
7.86,5
7.87,9
7.88,8
7.89,7
7.9,6
7.91,10
7.92,4
7.93,8
7.94,8
7.95,7
7.96,8
7.97,5
7.98,6
7.99,8
8,8
8.01,6
8.02,8
8.03,5
8.04,7
8.05,7
8.06,6
8.07,6
8.08,5
8.09,7
8.1,5
8.11,6
8.12,10
8.13,1
8.14,4
8.15,4
8.16,5
8.17,3
8.18,5
8.19,5
8.2,4
8.21,1
8.22,4
8.23,5
8.24,5
8.25,5
8.26,4
8.27,3
8.28,4
8.29,4
8.3,6
8.31,4
8.32,5
8.33,5
8.34,6
8.35,5
8.36,7
8.37,8
8.38,5
8.39,8
8.4,7
8.41,8
8.42,28
8.43,27
8.44,14
8.45,45
8.46,28
8.47,24
8.48,6
8.49,5
8.5,19
8.51,9
8.52,11
8.53,8
8.54,4
8.55,5
8.56,19
8.57,9
8.58,11
8.59,10
8.6,10
8.61,9
8.62,9
8.63,9
8.64,10
8.65,10
8.66,6
8.67,11
8.68,8
8.69,12
8.7,8
8.71,12
8.72,6
8.73,15
8.74,6
8.75,10
8.76,9
8.77,10
8.78,12
8.79,10
8.8,11
8.81,11
8.82,1
8.83,0
8.84,0
8.85,0
8.86,0
8.87,0
8.88,0
8.89,1
8.9,3
8.91,4
8.92,4
8.93,3
8.94,10
8.95,7
8.96,7
8.97,9
8.98,9
8.99,10
9,10
9.01,10
9.02,10
9.03,10
9.04,8
9.05,8
9.06,3
9.07,10
9.08,10
9.09,10
9.1,9
9.11,10
9.12,9
9.13,8
9.14,0
9.15,0
9.16,1
9.17,6
9.18,4
9.19,7
9.2,7
9.21,5
9.22,17
9.23,8
9.24,12
9.25,10
9.26,11
9.27,3
9.28,10
9.29,12
9.3,9
9.31,7
9.32,0
9.33,0
9.34,7
9.35,8
9.36,8
9.37,10
9.38,9
9.39,10
9.4,10
9.41,13
9.42,4
9.43,2
9.44,9
9.45,11
9.46,8
9.47,12
9.48,8
9.49,10
9.5,2
9.51,5
9.52,14
9.53,10
9.54,8
9.55,1
9.56,0
9.57,0
9.58,0
9.59,0
9.6,0
9.61,0
9.62,0
9.63,0
9.64,0
9.65,4
9.66,4
9.67,5
9.68,6
9.69,6
9.7,8
9.71,7
9.72,7
9.73,10
9.74,8
9.75,10
9.76,10
9.77,11
9.78,9
9.79,10
9.8,9
9.81,11
9.82,7
9.83,11
9.84,10
9.85,1
9.86,17
9.87,1
9.88,9
9.89,10
9.9,10
9.91,9
9.92,9
9.93,8
9.94,10
9.95,6
9.96,9
9.97,9
9.98,12
9.99,11
10,9
10.01,9
10.02,10
10.03,10
10.04,8
10.05,7
10.06,14
10.07,3
10.08,4
10.09,12
10.1,10
10.11,8
10.12,7
10.13,6
10.14,11
10.15,8
10.16,12
10.17,9
10.18,10
10.19,5
10.2,1
10.21,4
10.22,18
10.23,2
10.24,10
10.25,10
10.26,10
10.27,9
10.28,11
10.29,10
10.3,10
10.31,0
10.32,0
10.33,0
10.34,0
10.35,0
10.36,0
10.37,0
10.38,0
10.39,0
10.4,2
10.41,3
10.42,3
10.43,4
10.44,6
10.45,6
10.46,4
10.47,10
10.48,2
10.49,14
10.5,8
10.51,9
10.52,5
10.53,0
10.54,0
10.55,0
10.56,24
10.57,30
10.58,9
10.59,9
10.6,12
10.61,10
10.62,10
10.63,11
10.64,9
10.65,10
10.66,10
10.67,8
10.68,12
10.69,10
10.7,10
10.71,10
10.72,9
10.73,7
10.74,12
10.75,11
10.76,10
10.77,10
10.78,10
10.79,9
10.8,11
10.81,11
10.82,7
10.83,6
10.84,11
10.85,17
10.86,15
10.87,11
10.88,9
10.89,12
10.9,17
10.91,15
10.92,10
10.93,10
10.94,16
10.95,17
10.96,15
10.97,8
10.98,14
10.99,18
11,17
11.01,15
11.02,9
11.03,11
11.04,8
11.05,17
11.06,10
11.07,9
11.08,0
11.09,36
11.1,10
11.11,0
11.12,0
11.13,0
11.14,0
11.15,0
11.16,3
11.17,4
11.18,5
11.19,5
11.2,3
11.21,3
11.22,14
11.23,8
11.24,7
11.25,6
11.26,13
11.27,10
11.28,7
11.29,13
11.3,10
11.31,11
11.32,9
11.33,11
11.34,22
11.35,17
11.36,21
11.37,20
11.38,7
11.39,13
11.4,24
11.41,18
11.42,17
11.43,10
11.44,12
11.45,22
11.46,10
11.47,15
11.48,10
11.49,9
11.5,18
11.51,19
11.52,13
11.53,10
11.54,11
11.55,10
11.56,10
11.57,23
11.58,22
11.59,16
11.6,10
11.61,9
11.62,10
11.63,18
11.64,17
11.65,10
11.66,11
11.67,11
11.68,11
11.69,9
11.7,14
11.71,14
11.72,10
11.73,11
11.74,18
11.75,20
11.76,8
11.77,13
11.78,9
11.79,12
11.8,15
11.81,9
11.82,28
11.83,15
11.84,11
11.85,0
11.86,0
11.87,0
11.88,0
11.89,0
11.9,0
11.91,4
11.92,4
11.93,4
11.94,6
11.95,6
11.96,7
11.97,7
11.98,10
11.99,5
12,6
12.01,18
12.02,11
12.03,8
12.04,10
12.05,9
12.06,7
12.07,10
12.08,13
12.09,8
12.1,6
12.11,14
12.12,9
12.13,10
12.14,10
12.15,10
12.16,10
12.17,9
12.18,11
12.19,10
12.2,4
12.21,2
12.22,22
12.23,10
12.24,11
12.25,10
12.26,9
12.27,9
12.28,5
12.29,13
12.3,10
12.31,10
12.32,10
12.33,6
12.34,14
12.35,6
12.36,9
12.37,10
12.38,3
12.39,11
12.4,12
12.41,15
12.42,10
12.43,11
12.44,11
12.45,10
12.46,9
12.47,9
12.48,12
12.49,11
12.5,10
12.51,6
12.52,13
12.53,10
12.54,4
12.55,0
12.56,0
12.57,0
12.58,0
12.59,0
12.6,0
12.61,0
12.62,0
12.63,0
12.64,0
12.65,2
12.66,3
12.67,4
12.68,5
12.69,5
12.7,7
12.71,6
12.72,8
12.73,9
12.74,9
12.75,10
12.76,8
12.77,11
12.78,11
12.79,7
12.8,13
12.81,9
12.82,10
12.83,8
12.84,12
12.85,10
12.86,10
12.87,10
12.88,11
12.89,7
12.9,21
12.91,24
12.92,20
12.93,9
12.94,10
12.95,10
12.96,10
12.97,11
12.98,7
12.99,13
13,19
13.01,22
13.02,16
13.03,8
13.04,22
13.05,11
13.06,11
13.07,9
13.08,10
13.09,10
13.1,10
13.11,9
13.12,9
13.13,19
13.14,9
13.15,10
13.16,17
13.17,20
13.18,13
13.19,10
13.2,8
13.21,0
13.22,28
13.23,24
13.24,11
13.25,22
13.26,18
13.27,11
13.28,9
13.29,9
13.3,11
13.31,10
13.32,14
13.33,12
13.34,18
13.35,0
13.36,0
13.37,0
13.38,0
13.39,1
13.4,4
13.41,3
13.42,5
13.43,3
13.44,6
13.45,7
13.46,7
13.47,8
13.48,8
13.49,8
13.5,9
13.51,9
13.52,11
13.53,7
13.54,11
13.55,11
13.56,17
13.57,24
13.58,10
13.59,12
13.6,18
13.61,25
13.62,25
13.63,12
13.64,10
13.65,10
13.66,19
13.67,13
13.68,10
13.69,10
13.7,18
13.71,17
13.72,20
13.73,10
13.74,10
13.75,16
13.76,11
13.77,10
13.78,11
13.79,10
13.8,12
13.81,18
13.82,18
13.83,6
13.84,9
13.85,16
13.86,5
13.87,14
13.88,4
13.89,9
13.9,5
13.91,5
13.92,5
13.93,8
13.94,7
13.95,2
13.96,0
13.97,0
13.98,7
13.99,9
14,8
14.01,6
14.02,7
14.03,8
14.04,9
14.05,4
14.06,6
14.07,11
14.08,9
14.09,9
14.1,6
14.11,5
14.12,8
14.13,12
14.14,7
14.15,7
14.16,7
14.17,8
14.18,13
14.19,20
14.2,17
14.21,1
14.22,16
14.23,8
14.24,9
14.25,5
14.26,13
14.27,10
14.28,9
14.29,11
14.3,8
14.31,10
14.32,12
14.33,10
14.34,5
14.35,9
14.36,15
14.37,11
14.38,8
14.39,9
14.4,11
14.41,11
14.42,10
14.43,10
14.44,10
14.45,12
14.46,10
14.47,10
14.48,9
14.49,11
14.5,8
14.51,11
14.52,10
14.53,8
14.54,13
14.55,10
14.56,9
14.57,11
14.58,10
14.59,10
14.6,6
14.61,9
14.62,9
14.63,9
14.64,9
14.65,11
14.66,5
14.67,8
14.68,12
14.69,8
14.7,8
14.71,3
14.72,9
14.73,10
14.74,11
14.75,9
14.76,6
14.77,15
14.78,10
14.79,10
14.8,9
14.81,4
14.82,0
14.83,0
14.84,0
14.85,0
14.86,0
14.87,0
14.88,0
14.89,0
14.9,3
14.91,4
14.92,4
14.93,6
14.94,5
14.95,8
14.96,7
14.97,9
14.98,4
14.99,15
15,9
15.01,10
15.02,10
15.03,9
15.04,8
15.05,5
15.06,9
15.07,10
15.08,8
15.09,0
15.1,0
15.11,4
15.12,7
15.13,8
15.14,4
15.15,14
15.16,9
15.17,10
15.18,9
15.19,11
15.2,6
15.21,7
15.22,10
15.23,9
15.24,10
15.25,7
15.26,12
15.27,1
15.28,2
15.29,9
15.3,10
15.31,8
15.32,10
15.33,2
15.34,9
15.35,13
15.36,9
15.37,10
15.38,10
15.39,7
15.4,11
15.41,10
15.42,11
15.43,0
15.44,7
15.45,6
15.46,16
15.47,10
15.48,9
15.49,7
15.5,6
15.51,10
15.52,7
15.53,10
15.54,0
15.55,0
15.56,0
15.57,0
15.58,0
15.59,0
15.6,0
15.61,0
15.62,0
15.63,1
15.64,3
15.65,4
15.66,4
15.67,6
15.68,3
15.69,10
15.7,8
15.71,8
15.72,9
15.73,9
15.74,9
15.75,11
15.76,10
15.77,8
15.78,13
15.79,9
15.8,12
15.81,10
15.82,9
15.83,10
15.84,11
15.85,10
15.86,11
15.87,11
15.88,9
15.89,9
15.9,10
15.91,11
15.92,10
15.93,10
15.94,8
15.95,7
15.96,11
15.97,10
15.98,11
15.99,5
16,15
16.01,9
16.02,10
16.03,10
16.04,9
16.05,11
16.06,8
16.07,11
16.08,10
16.09,10
16.1,9
16.11,9
16.12,6
16.13,9
16.14,9
16.15,10
16.16,10
16.17,6
16.18,11
16.19,6
16.2,5
16.21,2
16.22,31
16.23,8
16.24,8
16.25,9
16.26,10
16.27,7
16.28,18
16.29,3
16.3,15
16.31,16
16.32,15
16.33,5
16.34,0
16.35,0
16.36,0
16.37,2
16.38,4
16.39,5
16.4,4
16.41,8
16.42,7
16.43,8
16.44,8
16.45,9
16.46,10
16.47,8
16.48,12
16.49,10
16.5,10
16.51,11
16.52,6
16.53,14
16.54,9
16.55,9
16.56,10
16.57,10
16.58,7
16.59,7
16.6,8
16.61,5
16.62,6
16.63,15
16.64,9
16.65,13
16.66,14
16.67,13
16.68,12
16.69,21
16.7,16
16.71,19
16.72,18
16.73,14
16.74,11
16.75,10
16.76,10
16.77,11
16.78,15
16.79,11
16.8,10
16.81,6
16.82,11
16.83,5
16.84,7
16.85,24
16.86,8
16.87,10
16.88,10
16.89,6
16.9,15
16.91,9
16.92,13
16.93,8
16.94,11
16.95,6
16.96,8
16.97,10
16.98,10
16.99,4
17,4
17.01,9
17.02,11
17.03,8
17.04,11
17.05,0
17.06,0
17.07,0
17.08,0
17.09,0
17.1,0
17.11,0
17.12,0
17.13,0
17.14,3
17.15,3
17.16,4
17.17,5
17.18,5
17.19,4
17.2,7
17.21,7
17.22,11
17.23,9
17.24,9
17.25,10
17.26,9
17.27,9
17.28,9
17.29,9
17.3,12
17.31,9
17.32,7
17.33,14
17.34,11
17.35,6
17.36,6
17.37,14
17.38,12
17.39,11
17.4,1
17.41,5
17.42,11
17.43,10
17.44,6
17.45,0
17.46,0
17.47,7
17.48,9
17.49,8
17.5,10
17.51,10
17.52,10
17.53,5
17.54,5
17.55,9
17.56,7
17.57,6
17.58,9
17.59,9
17.6,5
17.61,6
17.62,11
17.63,5
17.64,13
17.65,6
17.66,8
17.67,5
17.68,10
17.69,13
17.7,8
17.71,10
17.72,13
17.73,9
17.74,13
17.75,10
17.76,11
17.77,6
17.78,13
17.79,11
17.8,3
17.81,0
17.82,0
17.83,0
17.84,0
17.85,0
17.86,0
17.87,0
17.88,0
17.89,1
17.9,4
17.91,4
17.92,5
17.93,5
17.94,6
17.95,8
17.96,8
17.97,9
17.98,10
17.99,9
18,7
18.01,14
18.02,9
18.03,0
18.04,20
18.05,12
18.06,11
18.07,9
18.08,10
18.09,9
18.1,10
18.11,10
18.12,13
18.13,9
18.14,7
18.15,15
18.16,11
18.17,13
18.18,13
18.19,8
18.2,7
18.21,5
18.22,17
18.23,12
18.24,6
18.25,12
18.26,8
18.27,11
18.28,7
18.29,13
18.3,9
18.31,5
18.32,16
18.33,9
18.34,10
18.35,9
18.36,14
18.37,10
18.38,9
18.39,5
18.4,9
18.41,10
18.42,10
18.43,10
18.44,9
18.45,8
18.46,12
18.47,10
18.48,9
18.49,9
18.5,9
18.51,0
18.52,0
18.53,0
18.54,0
18.55,0
18.56,0
18.57,0
18.58,0
18.59,0
18.6,0
18.61,0
18.62,0
18.63,1
18.64,4
18.65,3
18.66,6
18.67,5
18.68,5
18.69,8
18.7,8
18.71,8
18.72,7
18.73,9
18.74,10
18.75,9
18.76,11
18.77,9
18.78,10
18.79,7
18.8,13
18.81,6
18.82,14
18.83,9
18.84,9
18.85,11
18.86,8
18.87,13
18.88,14
18.89,10
18.9,9
18.91,11
18.92,13
18.93,20
18.94,10
18.95,9
18.96,6
18.97,15
18.98,9
18.99,10
19,9
19.01,10
19.02,8
19.03,9
19.04,9
19.05,8
19.06,7
19.07,11
19.08,7
19.09,10
19.1,10
19.11,11
19.12,9
19.13,10
19.14,11
19.15,10
19.16,10
19.17,10
19.18,4
19.19,15
19.2,5
19.21,5
19.22,20
19.23,10
19.24,9
19.25,10
19.26,11
19.27,11
19.28,2
19.29,0
19.3,0
19.31,0
19.32,0
19.33,0
19.34,0
19.35,0
19.36,0
19.37,2
19.38,4
19.39,4
19.4,4
19.41,4
19.42,7
19.43,7
19.44,7
19.45,9
19.46,8
19.47,7
19.48,11
19.49,10
19.5,10
19.51,10
19.52,10
19.53,9
19.54,10
19.55,7
19.56,12
19.57,14
19.58,16
19.59,20
19.6,27
19.61,17
19.62,15
19.63,8
19.64,11
19.65,22
19.66,14
19.67,9
19.68,10
19.69,10
19.7,11
19.71,10
19.72,9
19.73,16
19.74,11
19.75,9
19.76,10
19.77,10
19.78,5
19.79,15
19.8,11
19.81,10
19.82,8
19.83,8
19.84,8
19.85,7
19.86,5
19.87,7
19.88,6
19.89,10
19.9,12
19.91,5
19.92,6
19.93,6
19.94,6
19.95,5
19.96,4
19.97,5
19.98,6
19.99,7
20,6
20.01,7
20.02,8
20.03,8
20.04,8
20.05,3
20.06,0
20.07,0
20.08,0
20.09,0
20.1,0
20.11,0
20.12,1
20.13,3
20.14,4
20.15,3
20.16,4
20.17,4
20.18,4
20.19,5
20.2,4
20.21,1
20.22,4
20.23,4
20.24,5
20.25,5
20.26,4
20.27,5
20.28,5
20.29,4
20.3,4
20.31,5
20.32,6
20.33,4
20.34,6
20.35,7
20.36,5
20.37,8
20.38,8
20.39,10
20.4,6
20.41,4
20.42,5
20.43,7
20.44,8
20.45,6
20.46,6
20.47,7
20.48,6
20.49,5
20.5,5
20.51,4
20.52,5
20.53,5
20.54,6
20.55,6
20.56,4
20.57,5
20.58,11
20.59,25
20.6,24
20.61,21
20.62,35
20.63,29
20.64,26
20.65,5
20.66,8
20.67,11
20.68,10
20.69,8
20.7,8
20.71,13
20.72,11
20.73,6
20.74,13
20.75,8
20.76,11
20.77,10
20.78,9
20.79,11
20.8,10
20.81,10
20.82,10
20.83,9
20.84,11
20.85,10
20.86,11
20.87,9
20.88,9
20.89,9
20.9,12
20.91,9
20.92,11
20.93,9
20.94,8
20.95,11
20.96,9
20.97,12
20.98,15
20.99,20
21,16
21.01,14
21.02,9
21.03,20
21.04,12
21.05,12
21.06,10
21.07,8
21.08,13
21.09,8
21.1,13
21.11,16
21.12,19
21.13,13
21.14,8
21.15,8
21.16,11
21.17,12
21.18,9
21.19,9
21.2,6
21.21,0
21.22,14
21.23,21
21.24,9
21.25,11
21.26,12
21.27,10
21.28,10
21.29,5
21.3,18
21.31,11
21.32,11
21.33,11
21.34,10
21.35,10
21.36,11
21.37,11
21.38,14
21.39,8
21.4,10
21.41,9
21.42,6
21.43,7
21.44,12
21.45,14
21.46,23
21.47,17
21.48,10
21.49,25
21.5,12
21.51,18
21.52,14
21.53,22
21.54,12
21.55,0
21.56,0
21.57,0
21.58,0
21.59,0
21.6,1
21.61,4
21.62,3
21.63,6
21.64,6
21.65,6
21.66,4
21.67,11
21.68,9
21.69,10
21.7,6
21.71,14
21.72,11
21.73,10
21.74,9
21.75,10
21.76,17
21.77,9
21.78,17
21.79,15
21.8,25
21.81,22
21.82,22
21.83,15
21.84,17
21.85,15
21.86,18
21.87,12
21.88,13
21.89,11
21.9,11
21.91,12
21.92,10
21.93,14
21.94,8
21.95,15
21.96,9
21.97,13
21.98,10
21.99,8
22,15
22.01,11
22.02,13
22.03,11
22.04,13
22.05,12
22.06,10
22.07,8
22.08,16
22.09,14
22.1,12
22.11,11
22.12,10
22.13,12
22.14,5
22.15,14
22.16,15
22.17,15
22.18,13
22.19,12
22.2,6
22.21,0
22.22,24
22.23,17
22.24,9
22.25,12
22.26,11
22.27,11
22.28,11
22.29,10
22.3,12
22.31,6
22.32,0
22.33,0
22.34,0
22.35,0
22.36,1
22.37,5
22.38,4
22.39,6
22.4,5
22.41,7
22.42,9
22.43,9
22.44,9
22.45,10
22.46,10
22.47,9
22.48,6
22.49,14
22.5,10
22.51,8
22.52,5
22.53,13
22.54,11
22.55,4
22.56,16
22.57,15
22.58,9
22.59,12
22.6,13
22.61,11
22.62,12
22.63,12
22.64,8
22.65,11
22.66,10
22.67,10
22.68,12
22.69,13
22.7,12
22.71,9
22.72,12
22.73,9
22.74,10
22.75,5
22.76,13
22.77,10
22.78,9
22.79,13
22.8,13
22.81,9
22.82,13
22.83,14
22.84,12
22.85,7
22.86,15
22.87,10
22.88,10
22.89,7
22.9,16
22.91,10
22.92,10
22.93,9
22.94,9
22.95,11
22.96,11
22.97,9
22.98,9
22.99,11
23,12
23.01,10
23.02,11
23.03,7
23.04,10
23.05,10
23.06,3
23.07,0
23.08,0
23.09,0
23.1,0
23.11,0
23.12,1
23.13,3
23.14,5
23.15,4
23.16,6
23.17,6
23.18,7
23.19,8
23.2,4
23.21,9
23.22,13
23.23,10
23.24,14
23.25,5
23.26,11
23.27,11
23.28,11
23.29,11
23.3,10
23.31,9
23.32,9
23.33,11
23.34,9
23.35,5
23.36,10
23.37,9
23.38,1
23.39,9
23.4,8
23.41,11
23.42,9
23.43,9
23.44,12
23.45,9
23.46,10
23.47,9
23.48,5
23.49,9
23.5,11
23.51,12
23.52,7
23.53,0
23.54,0
23.55,4
23.56,9
23.57,8
23.58,9
23.59,10
23.6,10
23.61,11
23.62,10
23.63,7
23.64,7
23.65,0
23.66,1
23.67,6
23.68,11
23.69,2
23.7,0
23.71,1
23.72,5
23.73,7
23.74,6
23.75,8
23.76,5
23.77,4
23.78,0
23.79,0
23.8,0
23.81,0
23.82,0
23.83,0
23.84,0
23.85,0
23.86,0
23.87,0
23.88,0
23.89,0
23.9,0
23.91,0
23.92,0
23.93,0
23.94,0
23.95,0
23.96,0
23.97,0
23.98,0
23.99,0
24,0
24.01,0
24.02,0
24.03,0
24.04,0
24.05,0
24.06,0
24.07,0
24.08,2

