"Interval start","All packets"
0,1
0.01,0
0.02,0
0.03,0
0.04,0
0.05,1
0.06,0
0.07,0
0.08,0
0.09,0
0.1,0
0.11,0
0.12,0
0.13,0
0.14,0
0.15,0
0.16,0
0.17,0
0.18,0
0.19,0
0.2,0
0.21,0
0.22,0
0.23,0
0.24,0
0.25,0
0.26,0
0.27,0
0.28,0
0.29,0
0.3,0
0.31,0
0.32,0
0.33,0
0.34,0
0.35,0
0.36,0
0.37,0
0.38,0
0.39,0
0.4,0
0.41,0
0.42,0
0.43,0
0.44,0
0.45,0
0.46,0
0.47,0
0.48,0
0.49,0
0.5,0
0.51,0
0.52,0
0.53,0
0.54,0
0.55,0
0.56,0
0.57,0
0.58,0
0.59,0
0.6,0
0.61,0
0.62,0
0.63,0
0.64,0
0.65,0
0.66,0
0.67,0
0.68,0
0.69,0
0.7,0
0.71,0
0.72,0
0.73,0
0.74,0
0.75,0
0.76,0
0.77,0
0.78,0
0.79,0
0.8,0
0.81,0
0.82,0
0.83,0
0.84,0
0.85,0
0.86,0
0.87,0
0.88,0
0.89,0
0.9,0
0.91,0
0.92,0
0.93,0
0.94,0
0.95,0
0.96,0
0.97,0
0.98,0
0.99,0
1,65
1.01,81
1.02,84
1.03,70
1.04,79
1.05,83
1.06,90
1.07,105
1.08,115
1.09,126
1.1,188
1.11,179
1.12,191
1.13,190
1.14,182
1.15,193
1.16,194
1.17,187
1.18,195
1.19,202
1.2,184
1.21,201
1.22,199
1.23,204
1.24,188
1.25,189
1.26,186
1.27,188
1.28,191
1.29,78
1.3,131
1.31,196
1.32,105
1.33,46
1.34,152
1.35,122
1.36,103
1.37,195
1.38,200
1.39,199
1.4,189
1.41,186
1.42,192
1.43,194
1.44,191
1.45,196
1.46,193
1.47,107
1.48,110
1.49,196
1.5,195
1.51,192
1.52,192
1.53,201
1.54,186
1.55,193
1.56,197
1.57,187
1.58,184
1.59,189
1.6,181
1.61,95
1.62,229
1.63,199
1.64,223
1.65,62
1.66,61
1.67,69
1.68,210
1.69,213
1.7,219
1.71,227
1.72,228
1.73,124
1.74,46
1.75,53
1.76,69
1.77,61
1.78,80
1.79,56
1.8,40
1.81,72
1.82,54
1.83,54
1.84,31
1.85,59
1.86,56
1.87,73
1.88,67
1.89,73
1.9,68
1.91,55
1.92,69
1.93,73
1.94,206
1.95,193
1.96,150
1.97,47
1.98,118
1.99,219
2,214
2.01,115
2.02,185
2.03,185
2.04,144
2.05,150
2.06,158
2.07,164
2.08,177
2.09,177
2.1,184
2.11,175
2.12,167
2.13,165
2.14,168
2.15,175
2.16,165
2.17,159
2.18,169
2.19,173
2.2,185
2.21,180
2.22,166
2.23,167
2.24,174
2.25,162
2.26,177
2.27,174
2.28,179
2.29,180
2.3,183
2.31,174
2.32,175
2.33,143
2.34,150
2.35,148
2.36,171
2.37,159
2.38,155
2.39,122
2.4,73
2.41,66
2.42,23
2.43,146
2.44,169
2.45,171
2.46,219
2.47,196
2.48,70
2.49,94
2.5,210
2.51,216
2.52,209
2.53,210
2.54,195
2.55,134
2.56,216
2.57,220
2.58,216
2.59,220
2.6,191
2.61,132
2.62,209
2.63,213
2.64,216
2.65,199
2.66,25
2.67,59
2.68,62
2.69,63
2.7,76
2.71,72
2.72,66
2.73,55
2.74,67
2.75,66
2.76,72
2.77,71
2.78,46
2.79,55
2.8,69
2.81,70
2.82,65
2.83,49
2.84,71
2.85,70
2.86,227
2.87,180
2.88,158
2.89,205
2.9,223
2.91,103
2.92,200
2.93,198
2.94,211
2.95,208
2.96,76
2.97,57
2.98,215
2.99,207
3,211
3.01,226
3.02,234
3.03,127
3.04,104
3.05,212
3.06,126
3.07,220
3.08,211
3.09,154
3.1,96
3.11,212
3.12,210
3.13,219
3.14,192
3.15,69
3.16,41
3.17,221
3.18,212
3.19,207
3.2,48
3.21,169
3.22,183
3.23,139
3.24,204
3.25,163
3.26,90
3.27,217
3.28,211
3.29,209
3.3,219
3.31,211
3.32,213
3.33,230
3.34,204
3.35,224
3.36,214
3.37,233
3.38,227
3.39,157
3.4,126
3.41,212
3.42,212
3.43,100
3.44,48
3.45,34
3.46,207
3.47,188
3.48,14
3.49,168
3.5,68
3.51,48
3.52,196
3.53,221
3.54,211
3.55,101
3.56,80
3.57,64
3.58,68
3.59,53
3.6,66
3.61,64
3.62,73
3.63,71
3.64,65
3.65,55
3.66,55
3.67,68
3.68,73
3.69,73
3.7,39
3.71,61
3.72,65
3.73,59
3.74,73
3.75,54
3.76,166
3.77,175
3.78,215
3.79,164
3.8,212
3.81,46
3.82,182
3.83,224
3.84,212
3.85,202
3.86,196
3.87,80
3.88,185
3.89,213
3.9,196
3.91,64
3.92,74
3.93,74
3.94,72
3.95,58
3.96,36
3.97,229
3.98,230
3.99,99
4,192
4.01,212
4.02,213
4.03,229
4.04,99
4.05,214
4.06,208
4.07,205
4.08,212
4.09,198
4.1,216
4.11,198
4.12,55
4.13,123
4.14,215
4.15,110
4.16,54
4.17,207
4.18,139
4.19,126
4.2,214
4.21,216
4.22,229
4.23,216
4.24,221
4.25,186
4.26,30
4.27,142
4.28,210
4.29,207
4.3,202
4.31,205
4.32,223
4.33,234
4.34,80
4.35,227
4.36,214
4.37,128
4.38,228
4.39,224
4.4,199
4.41,234
4.42,44
4.43,210
4.44,210
4.45,227
4.46,65
4.47,0
4.48,45
4.49,54
4.5,79
4.51,85
4.52,57
4.53,74
4.54,72
4.55,50
4.56,8
4.57,52
4.58,46
4.59,64
4.6,89
4.61,71
4.62,41
4.63,71
4.64,60
4.65,70
4.66,160
4.67,230
4.68,210
4.69,49
4.7,186
4.71,217
4.72,107
4.73,168
4.74,48
4.75,130
4.76,110
4.77,99
4.78,99
4.79,114
4.8,115
4.81,97
4.82,117
4.83,119
4.84,113
4.85,112
4.86,107
4.87,111
4.88,104
4.89,104
4.9,113
4.91,109
4.92,112
4.93,102
4.94,109
4.95,122
4.96,113
4.97,113
4.98,108
4.99,100
5,109
5.01,146
5.02,167
5.03,169
5.04,183
5.05,169
5.06,174
5.07,178
5.08,175
5.09,175
5.1,204
5.11,195
5.12,175
5.13,170
5.14,97
5.15,70
5.16,63
5.17,65
5.18,41
5.19,49
5.2,173
5.21,165
5.22,180
5.23,189
5.24,165
5.25,160
5.26,168
5.27,174
5.28,185
5.29,173
5.3,173
5.31,176
5.32,174
5.33,176
5.34,178
5.35,167
5.36,81
5.37,65
5.38,64
5.39,57
5.4,59
5.41,67
5.42,67
5.43,57
5.44,20
5.45,150
5.46,183
5.47,176
5.48,167
5.49,159
5.5,174
5.51,164
5.52,173
5.53,207
5.54,226
5.55,212
5.56,210
5.57,211
5.58,209
5.59,214
5.6,189
5.61,31
5.62,66
5.63,61
5.64,47
5.65,68
5.66,66
5.67,65
5.68,79
5.69,54
5.7,38
5.71,54
5.72,66
5.73,71
5.74,65
5.75,51
5.76,63
5.77,66
5.78,69
5.79,68
5.8,54
5.81,246
5.82,165
5.83,175
5.84,216
5.85,213
5.86,213
5.87,89
5.88,210
5.89,220
5.9,207
5.91,189
5.92,165
5.93,120
5.94,214
5.95,205
5.96,211
5.97,181
5.98,127
5.99,214
6,217
6.01,211
6.02,231
6.03,215
6.04,213
6.05,213
6.06,225
6.07,223
6.08,213
6.09,206
6.1,213
6.11,221
6.12,92
6.13,52
6.14,73
6.15,59
6.16,56
6.17,150
6.18,223
6.19,211
6.2,207
6.21,213
6.22,226
6.23,227
6.24,213
6.25,102
6.26,173
6.27,44
6.28,208
6.29,213
6.3,212
6.31,206
6.32,207
6.33,225
6.34,218
6.35,216
6.36,207
6.37,221
6.38,210
6.39,220
6.4,219
6.41,199
6.42,117
6.43,50
6.44,60
6.45,50
6.46,66
6.47,12
6.48,66
6.49,64
6.5,65
6.51,43
6.52,55
6.53,53
6.54,67
6.55,67
6.56,50
6.57,60
6.58,60
6.59,56
6.6,61
6.61,72
6.62,107
6.63,230
6.64,218
6.65,212
6.66,209
6.67,203
6.68,204
6.69,220
6.7,193
6.71,207
6.72,194
6.73,107
6.74,189
6.75,60
6.76,189
6.77,205
6.78,210
6.79,123
6.8,219
6.81,214
6.82,208
6.83,220
6.84,61
6.85,203
6.86,233
6.87,103
6.88,226
6.89,225
6.9,194
6.91,149
6.92,203
6.93,218
6.94,204
6.95,91
6.96,207
6.97,223
6.98,219
6.99,207
7,213
7.01,229
7.02,233
7.03,181
7.04,159
7.05,224
7.06,223
7.07,224
7.08,193
7.09,165
7.1,156
7.11,234
7.12,119
7.13,169
7.14,215
7.15,212
7.16,213
7.17,195
7.18,211
7.19,208
7.2,210
7.21,121
7.22,56
7.23,53
7.24,49
7.25,62
7.26,43
7.27,58
7.28,44
7.29,64
7.3,63
7.31,67
7.32,56
7.33,44
7.34,65
7.35,57
7.36,58
7.37,60
7.38,48
7.39,48
7.4,21
7.41,103
7.42,227
7.43,231
7.44,174
7.45,67
7.46,228
7.47,105
7.48,75
7.49,215
7.5,150
7.51,212
7.52,215
7.53,225
7.54,205
7.55,103
7.56,36
7.57,193
7.58,199
7.59,200
7.6,199
7.61,211
7.62,222
7.63,220
7.64,205
7.65,225
7.66,184
7.67,157
7.68,220
7.69,135
7.7,195
7.71,216
7.72,214
7.73,97
7.74,189
7.75,224
7.76,201
7.77,56
7.78,66
7.79,46
7.8,138
7.81,216
7.82,184
7.83,69
7.84,58
7.85,33
7.86,163
7.87,217
7.88,206
7.89,238
7.9,224
7.91,223
7.92,209
7.93,156
7.94,59
7.95,39
7.96,70
7.97,59
7.98,61
7.99,57
8,60
8.01,49
8.02,78
8.03,215
8.04,208
8.05,204
8.06,230
8.07,178
8.08,91
8.09,215
8.1,213
8.11,213
8.12,222
8.13,204
8.14,229
8.15,218
8.16,101
8.17,42
8.18,44
8.19,67
8.2,38
8.21,63
8.22,66
8.23,67
8.24,70
8.25,58
8.26,63
8.27,61
8.28,67
8.29,75
8.3,74
8.31,59
8.32,68
8.33,74
8.34,66
8.35,69
8.36,54
8.37,202
8.38,257
8.39,93
8.4,82
8.41,225
8.42,219
8.43,192
8.44,206
8.45,214
8.46,215
8.47,192
8.48,191
8.49,193
8.5,97
8.51,211
8.52,221
8.53,201
8.54,199
8.55,212
8.56,192
8.57,87
8.58,210
8.59,226
8.6,212
8.61,212
8.62,213
8.63,110
8.64,167
8.65,233
8.66,228
8.67,45
8.68,163
8.69,236
8.7,210
8.71,206
8.72,201
8.73,221
8.74,213
8.75,213
8.76,204
8.77,169
8.78,62
8.79,69
8.8,73
8.81,69
8.82,22
8.83,168
8.84,218
8.85,228
8.86,223
8.87,208
8.88,216
8.89,127
8.9,223
8.91,213
8.92,219
8.93,215
8.94,218
8.95,218
8.96,214
8.97,229
8.98,126
8.99,123
9,139
9.01,43
9.02,53
9.03,59
9.04,81
9.05,65
9.06,71
9.07,57
9.08,64
9.09,67
9.1,62
9.11,61
9.12,72
9.13,59
9.14,68
9.15,56
9.16,65
9.17,75
9.18,54
9.19,58
9.2,110
9.21,199
9.22,216
9.23,202
9.24,200
9.25,232
9.26,216
9.27,183
9.28,107
9.29,164
9.3,93
9.31,140
9.32,134
9.33,131
9.34,122
9.35,127
9.36,111
9.37,109
9.38,109
9.39,107
9.4,106
9.41,134
9.42,117
9.43,109
9.44,128
9.45,122
9.46,103
9.47,98
9.48,101
9.49,117
9.5,117
9.51,112
9.52,115
9.53,113
9.54,111
9.55,115
9.56,108
9.57,134
9.58,189
9.59,106
9.6,77
9.61,190
9.62,190
9.63,191
9.64,199
9.65,206
9.66,188
9.67,179
9.68,188
9.69,122
9.7,225
9.71,218
9.72,200
9.73,202
9.74,186
9.75,68
9.76,218
9.77,202
9.78,211
9.79,215
9.8,208
9.81,211
9.82,209
9.83,217
9.84,215
9.85,202
9.86,138
9.87,229
9.88,220
9.89,213
9.9,117
9.91,222
9.92,219
9.93,76
9.94,217
9.95,210
9.96,84
9.97,36
9.98,72
9.99,68
10,54
10.01,52
10.02,67
10.03,68
10.04,67
10.05,60
10.06,66
10.07,75
10.08,68
10.09,72
10.1,50
10.11,71
10.12,72
10.13,66
10.14,70
10.15,56
10.16,164
10.17,212
10.18,175
10.19,164
10.2,150
10.21,223
10.22,136
10.23,157
10.24,205
10.25,205
10.26,202
10.27,132
10.28,197
10.29,164
10.3,36
10.31,50
10.32,168
10.33,44
10.34,42
10.35,111
10.36,184
10.37,197
10.38,231
10.39,221
10.4,215
10.41,122
10.42,210
10.43,140
10.44,68
10.45,57
10.46,151
10.47,190
10.48,63
10.49,209
10.5,216
10.51,206
10.52,209
10.53,182
10.54,64
10.55,68
10.56,62
10.57,71
10.58,73
10.59,73
10.6,62
10.61,207
10.62,197
10.63,167
10.64,146
10.65,220
10.66,194
10.67,206
10.68,120
10.69,196
10.7,214
10.71,203
10.72,204
10.73,123
10.74,213
10.75,197
10.76,214
10.77,220
10.78,194
10.79,239
10.8,199
10.81,196
10.82,211
10.83,197
10.84,157
10.85,159
10.86,151
10.87,139
10.88,143
10.89,146
10.9,145
10.91,120
10.92,132
10.93,90
10.94,70
10.95,73
10.96,46
10.97,81
10.98,69
10.99,72
11,72
11.01,67
11.02,56
11.03,52
11.04,66
11.05,71
11.06,67
11.07,61
11.08,70
11.09,73
11.1,68
11.11,75
11.12,50
11.13,91
11.14,139
11.15,126
11.16,99
11.17,198
11.18,140
11.19,126
11.2,137
11.21,147
11.22,148
11.23,144
11.24,131
11.25,130
11.26,136
11.27,125
11.28,165
11.29,158
11.3,73
11.31,62
11.32,151
11.33,150
11.34,153
11.35,143
11.36,143
11.37,141
11.38,134
11.39,125
11.4,126
11.41,145
11.42,162
11.43,159
11.44,157
11.45,170
11.46,158
11.47,176
11.48,180
11.49,62
11.5,61
11.51,143
11.52,154
11.53,150
11.54,152
11.55,157
11.56,168
11.57,155
11.58,159
11.59,160
11.6,157
11.61,159
11.62,152
11.63,161
11.64,142
11.65,186
11.66,171
11.67,162
11.68,173
11.69,159
11.7,180
11.71,161
11.72,157
11.73,154
11.74,161
11.75,161
11.76,153
11.77,159
11.78,153
11.79,163
11.8,158
11.81,160
11.82,155
11.83,155
11.84,153
11.85,169
11.86,171
11.87,160
11.88,159
11.89,171
11.9,165
11.91,155
11.92,119
11.93,168
11.94,73
11.95,203
11.96,152
11.97,167
11.98,140
11.99,43
12,74
12.01,62
12.02,75
12.03,73
12.04,47
12.05,62
12.06,56
12.07,76
12.08,33
12.09,71
12.1,60
12.11,74
12.12,70
12.13,71
12.14,69
12.15,54
12.16,72
12.17,69
12.18,79
12.19,139
12.2,139
12.21,169
12.22,217
12.23,228
12.24,137
12.25,28
12.26,222
12.27,188
12.28,49
12.29,88
12.3,191
12.31,196
12.32,211
12.33,219
12.34,193
12.35,198
12.36,207
12.37,203
12.38,194
12.39,100
12.4,163
12.41,207
12.42,202
12.43,212
12.44,211
12.45,193
12.46,190
12.47,190
12.48,50
12.49,147
12.5,216
12.51,215
12.52,217
12.53,212
12.54,201
12.55,201
12.56,209
12.57,184
12.58,215
12.59,108
12.6,72
12.61,36
12.62,139
12.63,178
12.64,120
12.65,70
12.66,56
12.67,28
12.68,193
12.69,198
12.7,134
12.71,207
12.72,74
12.73,194
12.74,203
12.75,214
12.76,198
12.77,211
12.78,206
12.79,202
12.8,198
12.81,193
12.82,64
12.83,41
12.84,186
12.85,205
12.86,212
12.87,186
12.88,218
12.89,132
12.9,34
12.91,64
12.92,8
12.93,105
12.94,70
12.95,68
12.96,64
12.97,63
12.98,67
12.99,72
13,70
13.01,72
13.02,55
13.03,73
13.04,70
13.05,44
13.06,69
13.07,26
13.08,54
13.09,105
13.1,247
13.11,224
13.12,34
13.13,231
13.14,217
13.15,218
13.16,225
13.17,71
13.18,161
13.19,208
13.2,210
13.21,194
13.22,209
13.23,217
13.24,219
13.25,218
13.26,190
13.27,37
13.28,114
13.29,211
13.3,213
13.31,213
13.32,220
13.33,212
13.34,215
13.35,227
13.36,49
13.37,203
13.38,200
13.39,206
13.4,221
13.41,218
13.42,216
13.43,105
13.44,202
13.45,208
13.46,220
13.47,160
13.48,12
13.49,87
13.5,219
13.51,215
13.52,214
13.53,211
13.54,211
13.55,223
13.56,223
13.57,114
13.58,194
13.59,130
13.6,214
13.61,222
13.62,219
13.63,200
13.64,226
13.65,210
13.66,209
13.67,218
13.68,200
13.69,199
13.7,87
13.71,56
13.72,11
13.73,36
13.74,66
13.75,61
13.76,62
13.77,63
13.78,56
13.79,69
13.8,72
13.81,72
13.82,36
13.83,66
13.84,40
13.85,66
13.86,72
13.87,45
13.88,72
13.89,57
13.9,115
13.91,206
13.92,216
13.93,219
13.94,184
13.95,215
13.96,200
13.97,195
13.98,214
13.99,78
14,37
14.01,92
14.02,201
14.03,209
14.04,203
14.05,207
14.06,222
14.07,194
14.08,183
14.09,43
14.1,92
14.11,182
14.12,117
14.13,177
14.14,202
14.15,193
14.16,220
14.17,216
14.18,92
14.19,185
14.2,148
14.21,78
14.22,219
14.23,202
14.24,200
14.25,195
14.26,201
14.27,212
14.28,219
14.29,208
14.3,189
14.31,202
14.32,201
14.33,210
14.34,59
14.35,125
14.36,199
14.37,216
14.38,212
14.39,206
14.4,201
14.41,192
14.42,200
14.43,211
14.44,176
14.45,150
14.46,24
14.47,176
14.48,68
14.49,193
14.5,127
14.51,198
14.52,105
14.53,62
14.54,196
14.55,200
14.56,207
14.57,231
14.58,73
14.59,41
14.6,49
14.61,55
14.62,84
14.63,69
14.64,72
14.65,64
14.66,53
14.67,61
14.68,61
14.69,71
14.7,32
14.71,0
14.72,0
14.73,0
14.74,0
14.75,0
14.76,0
14.77,0
14.78,117
14.79,182
14.8,173
14.81,169
14.82,184
14.83,182
14.84,184
14.85,186
14.86,184
14.87,180
14.88,180
14.89,184
14.9,185
14.91,183
14.92,184
14.93,189
14.94,196
14.95,197
14.96,189
14.97,182
14.98,182
14.99,182
15,184
15.01,182
15.02,189
15.03,194
15.04,194
15.05,193
15.06,197
15.07,197
15.08,196
15.09,193
15.1,194
15.11,196
15.12,195
15.13,193
15.14,183
15.15,184
15.16,181
15.17,183
15.18,189
15.19,196
15.2,195
15.21,190
15.22,181
15.23,194
15.24,190
15.25,196
15.26,194
15.27,189
15.28,196
15.29,195
15.3,183
15.31,110
15.32,0
15.33,0
15.34,0
15.35,0
15.36,47
15.37,53
15.38,69
15.39,72
15.4,70
15.41,73
15.42,57
15.43,72
15.44,72
15.45,74
15.46,55
15.47,6
15.48,44
15.49,74
15.5,70
15.51,111
15.52,255
15.53,103
15.54,194
15.55,215
15.56,200
15.57,61
15.58,208
15.59,164
15.6,186
15.61,204
15.62,86
15.63,37
15.64,0
15.65,0
15.66,0
15.67,57
15.68,46
15.69,143
15.7,216
15.71,214
15.72,208
15.73,182
15.74,120
15.75,205
15.76,93
15.77,207
15.78,201
15.79,208
15.8,188
15.81,209
15.82,199
15.83,204
15.84,216
15.85,213
15.86,192
15.87,188
15.88,186
15.89,190
15.9,190
15.91,197
15.92,221
15.93,141
15.94,116
15.95,209
15.96,211
15.97,235
15.98,92
15.99,195
16,79
16.01,154
16.02,213
16.03,227
16.04,181
16.05,89
16.06,210
16.07,209
16.08,213
16.09,206
16.1,219
16.11,215
16.12,209
16.13,232
16.14,197
16.15,227
16.16,209
16.17,218
16.18,215
16.19,105
16.2,42
16.21,75
16.22,70
16.23,63
16.24,54
16.25,73
16.26,39
16.27,63
16.28,75
16.29,60
16.3,70
16.31,45
16.32,0
16.33,47
16.34,48
16.35,61
16.36,52
16.37,56
16.38,66
16.39,66
16.4,196
16.41,213
16.42,223
16.43,200
16.44,224
16.45,221
16.46,220
16.47,87
16.48,23
16.49,164
16.5,204
16.51,224
16.52,201
16.53,240
16.54,215
16.55,70
16.56,62
16.57,201
16.58,188
16.59,190
16.6,78
16.61,206
16.62,219
16.63,224
16.64,219
16.65,215
16.66,211
16.67,111
16.68,59
16.69,65
16.7,61
16.71,73
16.72,202
16.73,215
16.74,222
16.75,214
16.76,215
16.77,202
16.78,225
16.79,214
16.8,212
16.81,97
16.82,210
16.83,226
16.84,213
16.85,210
16.86,196
16.87,226
16.88,210
16.89,215
16.9,215
16.91,149
16.92,212
16.93,200
16.94,216
16.95,227
16.96,216
16.97,201
16.98,248
16.99,223
17,217
17.01,129
17.02,29
17.03,74
17.04,66
17.05,79
17.06,52
17.07,73
17.08,66
17.09,59
17.1,70
17.11,61
17.12,73
17.13,67
17.14,72
17.15,65
17.16,10
17.17,21
17.18,58
17.19,65
17.2,74
17.21,105
17.22,236
17.23,120
17.24,82
17.25,165
17.26,178
17.27,202
17.28,216
17.29,198
17.3,193
17.31,202
17.32,197
17.33,189
17.34,132
17.35,157
17.36,156
17.37,36
17.38,199
17.39,218
17.4,209
17.41,199
17.42,174
17.43,90
17.44,193
17.45,223
17.46,203
17.47,179
17.48,47
17.49,190
17.5,227
17.51,212
17.52,48
17.53,185
17.54,205
17.55,202
17.56,216
17.57,214
17.58,188
17.59,107
17.6,201
17.61,180
17.62,100
17.63,64
17.64,61
17.65,118
17.66,206
17.67,206
17.68,203
17.69,213
17.7,107
17.71,204
17.72,183
17.73,140
17.74,107
17.75,93
17.76,97
17.77,104
17.78,93
17.79,94
17.8,98
17.81,98
17.82,105
17.83,92
17.84,94
17.85,97
17.86,97
17.87,94
17.88,86
17.89,88
17.9,90
17.91,99
17.92,99
17.93,101
17.94,98
17.95,97
17.96,92
17.97,93
17.98,127
17.99,125
18,100
18.01,91
18.02,101
18.03,105
18.04,133
18.05,134
18.06,127
18.07,130
18.08,108
18.09,116
18.1,109
18.11,66
18.12,69
18.13,57
18.14,47
18.15,72
18.16,67
18.17,44
18.18,70
18.19,49
18.2,39
18.21,58
18.22,54
18.23,62
18.24,63
18.25,71
18.26,70
18.27,72
18.28,67
18.29,52
18.3,69
18.31,145
18.32,230
18.33,215
18.34,160
18.35,180
18.36,32
18.37,193
18.38,208
18.39,215
18.4,109
18.41,141
18.42,68
18.43,77
18.44,93
18.45,99
18.46,92
18.47,86
18.48,97
18.49,100
18.5,95
18.51,94
18.52,103
18.53,102
18.54,96
18.55,100
18.56,116
18.57,104
18.58,98
18.59,103
18.6,100
18.61,98
18.62,105
18.63,102
18.64,103
18.65,104
18.66,107
18.67,107
18.68,116
18.69,177
18.7,192
18.71,67
18.72,74
18.73,71
18.74,213
18.75,210
18.76,214
18.77,115
18.78,192
18.79,205
18.8,163
18.81,214
18.82,191
18.83,209
18.84,208
18.85,221
18.86,223
18.87,215
18.88,218
18.89,216
18.9,204
18.91,136
18.92,211
18.93,95
18.94,214
18.95,219
18.96,202
18.97,204
18.98,216
18.99,127
19,49
19.01,10
19.02,48
19.03,90
19.04,0
19.05,0
19.06,0
19.07,0
19.08,0
19.09,2
19.1,93
19.11,93
19.12,37
19.13,152
19.14,214
19.15,216
19.16,218
19.17,220
19.18,218
19.19,210
19.2,201
19.21,164
19.22,94
19.23,140
19.24,28
19.25,69
19.26,52
19.27,5
19.28,73
19.29,69
19.3,58
19.31,50
19.32,60
19.33,68
19.34,70
19.35,70
19.36,20
19.37,29
19.38,73
19.39,64
19.4,71
19.41,68
19.42,50
19.43,82
19.44,225
19.45,211
19.46,195
19.47,187
19.48,214
19.49,29
19.5,198
19.51,199
19.52,208
19.53,214
19.54,224
19.55,208
19.56,223
19.57,224
19.58,199
19.59,191
19.6,193
19.61,149
19.62,124
19.63,203
19.64,219
19.65,205
19.66,227
19.67,17
19.68,221
19.69,221
19.7,214
19.71,222
19.72,217
19.73,80
19.74,219
19.75,220
19.76,223
19.77,74
19.78,219
19.79,221
19.8,212
19.81,225
19.82,211
19.83,179
19.84,131
19.85,205
19.86,207
19.87,197
19.88,126
19.89,69
19.9,66
19.91,78
19.92,65
19.93,32
19.94,166
19.95,223
19.96,201
19.97,228
19.98,91
19.99,211
20,194
20.01,203
20.02,205
20.03,208
20.04,214
20.05,220
20.06,196
20.07,199
20.08,110
20.09,64
20.1,61
20.11,42
20.12,49
20.13,52
20.14,75
20.15,69
20.16,66
20.17,69
20.18,66
20.19,53
20.2,63
20.21,72
20.22,73
20.23,60
20.24,56
20.25,47
20.26,73
20.27,70
20.28,118
20.29,217
20.3,218
20.31,184
20.32,206
20.33,206
20.34,202
20.35,210
20.36,210
20.37,203
20.38,207
20.39,202
20.4,214
20.41,205
20.42,202
20.43,184
20.44,184
20.45,196
20.46,210
20.47,136
20.48,26
20.49,174
20.5,202
20.51,217
20.52,207
20.53,211
20.54,192
20.55,210
20.56,202
20.57,114
20.58,166
20.59,197
20.6,204
20.61,201
20.62,207
20.63,204
20.64,199
20.65,210
20.66,172
20.67,119
20.68,87
20.69,203
20.7,208
20.71,41
20.72,180
20.73,231
20.74,127
20.75,164
20.76,214
20.77,217
20.78,204
20.79,205
20.8,207
20.81,180
20.82,57
20.83,193
20.84,198
20.85,191
20.86,202
20.87,190
20.88,210
20.89,197
20.9,151
20.91,52
20.92,68
20.93,58
20.94,63
20.95,55
20.96,71
20.97,57
20.98,59
20.99,71
21,66
21.01,66
21.02,74
21.03,68
21.04,68
21.05,59
21.06,62
21.07,70
21.08,62
21.09,63
21.1,93
21.11,241
21.12,210
21.13,181
21.14,124
21.15,203
21.16,196
21.17,124
21.18,136
21.19,46
21.2,196
21.21,196
21.22,178
21.23,56
21.24,146
21.25,203
21.26,134
21.27,125
21.28,230
21.29,161
21.3,164
21.31,200
21.32,214
21.33,196
21.34,199
21.35,209
21.36,187
21.37,191
21.38,211
21.39,208
21.4,206
21.41,218
21.42,182
21.43,206
21.44,215
21.45,202
21.46,212
21.47,137
21.48,74
21.49,211
21.5,210
21.51,196
21.52,117
21.53,79
21.54,215
21.55,207
21.56,210
21.57,179
21.58,106
21.59,213
21.6,221
21.61,104
21.62,35
21.63,195
21.64,205
21.65,224
21.66,212
21.67,185
21.68,197
21.69,219
21.7,210
21.71,198
21.72,129
21.73,150
21.74,200
21.75,200
21.76,208
21.77,30
21.78,51
21.79,57
21.8,62
21.81,72
21.82,63
21.83,66
21.84,52
21.85,47
21.86,57
21.87,55
21.88,69
21.89,63
21.9,74
21.91,59
21.92,75
21.93,40
21.94,72
21.95,70
21.96,73
21.97,206
21.98,222
21.99,201
22,194
22.01,130
22.02,124
22.03,209
22.04,203
22.05,200
22.06,202
22.07,186
22.08,184
22.09,185
22.1,25
22.11,72
22.12,60
22.13,31
22.14,172
22.15,204
22.16,206
22.17,224
22.18,202
22.19,102
22.2,193
22.21,208
22.22,202
22.23,187
22.24,206
22.25,203
22.26,196
22.27,204
22.28,198
22.29,211
22.3,212
22.31,182
22.32,131
22.33,88
22.34,245
22.35,191
22.36,166
22.37,142
22.38,232
22.39,128
22.4,169
22.41,195
22.42,208
22.43,213
22.44,196
22.45,190
22.46,203
22.47,178
22.48,199
22.49,23
22.5,203
22.51,202
22.52,205
22.53,78
22.54,66
22.55,41
22.56,142
22.57,224
22.58,147
22.59,184
22.6,204
22.61,197
22.62,198
22.63,203
22.64,202
22.65,178
22.66,30
22.67,66
22.68,63
22.69,55
22.7,57
22.71,26
22.72,66
22.73,60
22.74,48
22.75,51
22.76,70
22.77,74
22.78,70
22.79,53
22.8,53
22.81,64
22.82,59
22.83,65
22.84,65
22.85,69
22.86,238
22.87,216
22.88,197
22.89,176
22.9,210
22.91,185
22.92,202
22.93,194
22.94,164
22.95,24
22.96,9
22.97,63
22.98,74
22.99,108
23,201
23.01,111
23.02,199
23.03,215
23.04,197
23.05,198
23.06,194
23.07,217
23.08,209
23.09,207
23.1,206
23.11,210
23.12,194
23.13,177
23.14,178
23.15,213
23.16,203
23.17,213
23.18,213
23.19,209
23.2,206
23.21,198
23.22,204
23.23,213
23.24,216
23.25,197
23.26,229
23.27,236
23.28,220
23.29,199
23.3,159
23.31,206
23.32,220
23.33,216
23.34,204
23.35,205
23.36,99
23.37,201
23.38,199
23.39,202
23.4,208
23.41,206
23.42,222
23.43,191
23.44,218
23.45,216
23.46,198
23.47,62
23.48,30
23.49,22
23.5,55
23.51,59
23.52,41
23.53,51
23.54,60
23.55,66
23.56,60
23.57,61
23.58,62
23.59,70
23.6,68
23.61,64
23.62,47
23.63,50
23.64,61
23.65,73
23.66,79
23.67,133
23.68,220
23.69,207
23.7,191
23.71,182
23.72,197
23.73,199
23.74,213
23.75,212
23.76,197
23.77,182
23.78,190
23.79,193
23.8,186
23.81,212
23.82,204
23.83,211
23.84,194
23.85,184
23.86,175
23.87,195
23.88,111
23.89,212
23.9,202
23.91,50
23.92,207
23.93,202
23.94,197
23.95,115
23.96,41
23.97,190
23.98,210
23.99,206
24,201
24.01,213
24.02,203
24.03,115
24.04,207
24.05,200
24.06,190
24.07,214
24.08,200
24.09,212
24.1,202
24.11,209
24.12,198
24.13,204
24.14,218
24.15,208
24.16,196
24.17,204
24.18,195
24.19,142
24.2,137
24.21,200
24.22,206
24.23,174
24.24,225
24.25,226
24.26,210
24.27,183
24.28,37
24.29,73
24.3,59
24.31,71
24.32,47
24.33,55
24.34,51
24.35,69
24.36,7
24.37,73
24.38,64
24.39,71
24.4,66
24.41,67
24.42,70
24.43,55
24.44,66
24.45,68
24.46,56
24.47,42
24.48,231
24.49,207
24.5,68
24.51,78
24.52,38
24.53,197
24.54,201
24.55,5
24.56,25
24.57,202
24.58,202
24.59,199
24.6,212
24.61,219
24.62,208
24.63,206
24.64,200
24.65,111
24.66,181
24.67,202
24.68,209
24.69,195
24.7,205
24.71,204
24.72,206
24.73,220
24.74,188
24.75,194
24.76,206
24.77,208
24.78,210
24.79,138
24.8,153
24.81,195
24.82,211
24.83,215
24.84,201
24.85,108
24.86,39
24.87,115
24.88,223
24.89,97
24.9,67
24.91,24
24.92,40
24.93,134
24.94,221
24.95,39
24.96,24
24.97,231
24.98,83
24.99,182
25,163
25.01,165
25.02,216
25.03,214
25.04,212
25.05,125
25.06,177
25.07,209
25.08,209
25.09,206
25.1,55
25.11,52
25.12,108
25.13,207
25.14,201
25.15,202
25.16,183
25.17,37
25.18,63
25.19,54
25.2,64
25.21,35
25.22,186
25.23,201
25.24,204
25.25,184
25.26,145
25.27,13
25.28,40
25.29,59
25.3,30
25.31,63
25.32,54
25.33,66
25.34,63
25.35,64
25.36,50
25.37,36
25.38,57
25.39,60
25.4,69
25.41,56
25.42,67
25.43,64
25.44,58
25.45,65
25.46,79
25.47,186
25.48,190
25.49,163
25.5,187
25.51,208
25.52,219
25.53,193
25.54,211
25.55,211
25.56,130
25.57,95
25.58,194
25.59,203
25.6,154
25.61,26
25.62,64
25.63,2
25.64,105
25.65,182
25.66,133
25.67,63
25.68,189
25.69,212
25.7,213
25.71,204
25.72,130
25.73,171
25.74,207
25.75,196
25.76,178
25.77,225
25.78,162
25.79,57
25.8,156
25.81,59
25.82,62
25.83,65
25.84,76
25.85,72
25.86,69
25.87,47
25.88,69
25.89,28
25.9,183
25.91,203
25.92,204
25.93,194
25.94,212
25.95,195
25.96,83
25.97,222
25.98,103
25.99,13
26,177
26.01,176
26.02,195
26.03,116
26.04,227
26.05,143
26.06,194
26.07,79
26.08,113
26.09,208
26.1,208
26.11,192
26.12,203
26.13,190
26.14,188
26.15,193
26.16,217
26.17,208
26.18,194
26.19,229
26.2,137
26.21,50
26.22,148
26.23,202
26.24,162
26.25,95
26.26,42
26.27,48
26.28,43
26.29,69
26.3,44
26.31,68
26.32,55
26.33,34
26.34,60
26.35,75
26.36,71
26.37,68
26.38,42
26.39,64
26.4,62
26.41,66
26.42,66
26.43,31
26.44,70
26.45,84
26.46,205
26.47,187
26.48,179
26.49,117
26.5,197
26.51,210
26.52,208
26.53,199
26.54,201
26.55,224
26.56,189
26.57,214
26.58,160
26.59,6
26.6,183
26.61,107
26.62,0
26.63,17
26.64,14
26.65,13
26.66,24
26.67,53
26.68,91
26.69,21
26.7,44
26.71,40
26.72,26
26.73,55
26.74,206
26.75,52
26.76,188
26.77,192
26.78,90
26.79,41
26.8,59
26.81,55
26.82,31
26.83,228
26.84,190
26.85,31
26.86,71
26.87,46
26.88,8
26.89,46
26.9,168
26.91,204
26.92,47
26.93,31
26.94,9
26.95,10
26.96,21
26.97,77
26.98,181
26.99,35
27,41
27.01,1
27.02,24
27.03,28
27.04,29
27.05,8
27.06,74
27.07,98
27.08,211
27.09,212
27.1,199
27.11,117
27.12,217
27.13,207
27.14,111
27.15,197
27.16,204
27.17,123
27.18,127
27.19,201
27.2,176
27.21,21
27.22,148
27.23,145
27.24,109
27.25,196
27.26,86
27.27,51
27.28,102
27.29,98
27.3,114
27.31,172
27.32,77
27.33,208
27.34,98
27.35,47
27.36,27
27.37,178
27.38,185
27.39,197
27.4,198
27.41,73
27.42,42
27.43,212
27.44,151
27.45,208
27.46,155
27.47,168
27.48,179
27.49,46
27.5,62
27.51,224
27.52,223
27.53,214
27.54,155
27.55,116
27.56,18
27.57,66
27.58,64
27.59,60
27.6,49
27.61,43
27.62,50
27.63,57
27.64,58
27.65,57
27.66,51
27.67,64
27.68,63
27.69,58
27.7,68
27.71,41
27.72,38
27.73,73
27.74,67
27.75,52
27.76,190
27.77,193
27.78,68
27.79,62
27.8,37
27.81,192
27.82,215
27.83,192
27.84,144
27.85,26
27.86,180
27.87,193
27.88,200
27.89,79
27.9,206
27.91,195
27.92,200
27.93,217
27.94,204
27.95,194
27.96,202
27.97,210
27.98,204
27.99,201
28,216
28.01,202
28.02,192
28.03,196
28.04,201
28.05,209
28.06,201
28.07,196
28.08,194
28.09,195
28.1,196
28.11,207
28.12,201
28.13,211
28.14,160
28.15,99
28.16,211
28.17,204
28.18,212
28.19,196
28.2,207
28.21,208
28.22,207
28.23,190
28.24,29
28.25,198
28.26,207
28.27,200
28.28,188
28.29,208
28.3,202
28.31,201
28.32,225
28.33,67
28.34,181
28.35,204
28.36,203
28.37,193
28.38,191
28.39,36
28.4,55
28.41,66
28.42,102
28.43,32
28.44,48
28.45,44
28.46,65
28.47,0
28.48,57
28.49,72
28.5,68
28.51,54
28.52,71
28.53,52
28.54,55
28.55,69
28.56,67
28.57,73
28.58,64
28.59,65
28.6,64
28.61,71
28.62,65
28.63,63
28.64,50
28.65,58
28.66,0
28.67,0
28.68,0
28.69,0
28.7,0
28.71,0
28.72,0
28.73,0
28.74,0
28.75,0
28.76,0
28.77,0
28.78,0
28.79,0
28.8,0
28.81,0
28.82,1
28.83,0
28.84,0
28.85,0
28.86,0
28.87,1

