"Interval start","All Packets"
0,2
0.01,0
0.02,0
0.03,0
0.04,0
0.05,0
0.06,0
0.07,0
0.08,0
0.09,0
0.1,0
0.11,0
0.12,0
0.13,0
0.14,0
0.15,0
0.16,0
0.17,0
0.18,0
0.19,0
0.2,0
0.21,0
0.22,0
0.23,0
0.24,0
0.25,0
0.26,0
0.27,0
0.28,0
0.29,0
0.3,0
0.31,0
0.32,0
0.33,0
0.34,0
0.35,0
0.36,0
0.37,0
0.38,0
0.39,0
0.4,0
0.41,0
0.42,0
0.43,0
0.44,0
0.45,0
0.46,0
0.47,0
0.48,0
0.49,0
0.5,0
0.51,0
0.52,0
0.53,0
0.54,0
0.55,0
0.56,0
0.57,0
0.58,0
0.59,0
0.6,0
0.61,0
0.62,0
0.63,0
0.64,0
0.65,0
0.66,0
0.67,0
0.68,0
0.69,0
0.7,0
0.71,0
0.72,0
0.73,0
0.74,0
0.75,0
0.76,0
0.77,0
0.78,0
0.79,0
0.8,0
0.81,0
0.82,0
0.83,0
0.84,0
0.85,0
0.86,0
0.87,0
0.88,0
0.89,0
0.9,0
0.91,0
0.92,0
0.93,0
0.94,0
0.95,0
0.96,0
0.97,0
0.98,0
0.99,0
1,124
1.01,186
1.02,171
1.03,99
1.04,166
1.05,182
1.06,58
1.07,62
1.08,76
1.09,80
1.1,168
1.11,328
1.12,380
1.13,347
1.14,289
1.15,410
1.16,262
1.17,248
1.18,409
1.19,309
1.2,230
1.21,192
1.22,191
1.23,161
1.24,253
1.25,164
1.26,218
1.27,159
1.28,244
1.29,218
1.3,172
1.31,212
1.32,154
1.33,189
1.34,236
1.35,105
1.36,270
1.37,201
1.38,200
1.39,159
1.4,230
1.41,224
1.42,182
1.43,213
1.44,177
1.45,224
1.46,239
1.47,166
1.48,137
1.49,210
1.5,204
1.51,248
1.52,222
1.53,229
1.54,163
1.55,145
1.56,257
1.57,218
1.58,193
1.59,159
1.6,225
1.61,220
1.62,209
1.63,210
1.64,194
1.65,192
1.66,98
1.67,254
1.68,202
1.69,148
1.7,244
1.71,196
1.72,198
1.73,222
1.74,171
1.75,189
1.76,226
1.77,84
1.78,0
1.79,0
1.8,0
1.81,0
1.82,0
1.83,0
1.84,0
1.85,0
1.86,0
1.87,0
1.88,0
1.89,0
1.9,0
1.91,0
1.92,0
1.93,0
1.94,4
1.95,136
1.96,6
1.97,144
1.98,359
1.99,277
2,292
2.01,352
2.02,362
2.03,343
2.04,352
2.05,378
2.06,273
2.07,197
2.08,127
2.09,234
2.1,148
2.11,295
2.12,217
2.13,166
2.14,172
2.15,246
2.16,228
2.17,160
2.18,192
2.19,227
2.2,218
2.21,145
2.22,230
2.23,202
2.24,225
2.25,222
2.26,139
2.27,212
2.28,221
2.29,121
2.3,294
2.31,190
2.32,190
2.33,210
2.34,194
2.35,192
2.36,202
2.37,193
2.38,153
2.39,154
2.4,0
2.41,58
2.42,102
2.43,390
2.44,363
2.45,262
2.46,197
2.47,122
2.48,140
2.49,351
2.5,309
2.51,202
2.52,136
2.53,230
2.54,212
2.55,186
2.56,190
2.57,213
2.58,209
2.59,204
2.6,203
2.61,212
2.62,151
2.63,244
2.64,213
2.65,117
2.66,238
2.67,230
2.68,211
2.69,37
2.7,0
2.71,0
2.72,0
2.73,0
2.74,0
2.75,0
2.76,0
2.77,0
2.78,0
2.79,0
2.8,0
2.81,0
2.82,0
2.83,0
2.84,0
2.85,0
2.86,26
2.87,212
2.88,242
2.89,298
2.9,302
2.91,402
2.92,236
2.93,371
2.94,388
2.95,265
2.96,12
2.97,309
2.98,327
2.99,285
3,284
3.01,234
3.02,226
3.03,182
3.04,199
3.05,230
3.06,176
3.07,221
3.08,210
3.09,175
3.1,236
3.11,187
3.12,189
3.13,220
3.14,201
3.15,196
3.16,213
3.17,162
3.18,198
3.19,218
3.2,215
3.21,161
3.22,211
3.23,127
3.24,269
3.25,227
3.26,198
3.27,176
3.28,188
3.29,216
3.3,86
3.31,0
3.32,0
3.33,96
3.34,558
3.35,323
3.36,281
3.37,258
3.38,232
3.39,222
3.4,197
3.41,171
3.42,182
3.43,168
3.44,247
3.45,239
3.46,186
3.47,207
3.48,177
3.49,207
3.5,97
3.51,171
3.52,195
3.53,0
3.54,0
3.55,0
3.56,659
3.57,278
3.58,324
3.59,235
3.6,0
3.61,0
3.62,0
3.63,0
3.64,0
3.65,0
3.66,0
3.67,0
3.68,0
3.69,0
3.7,0
3.71,0
3.72,0
3.73,0
3.74,0
3.75,0
3.76,0
3.77,0
3.78,504
3.79,252
3.8,214
3.81,232
3.82,299
3.83,201
3.84,284
3.85,369
3.86,313
3.87,347
3.88,348
3.89,378
3.9,147
3.91,0
3.92,0
3.93,0
3.94,0
3.95,0
3.96,96
3.97,333
3.98,405
3.99,374
4,351
4.01,323
4.02,381
4.03,212
4.04,166
4.05,396
4.06,211
4.07,305
4.08,199
4.09,186
4.1,186
4.11,208
4.12,231
4.13,189
4.14,221
4.15,137
4.16,252
4.17,192
4.18,172
4.19,209
4.2,272
4.21,159
4.22,226
4.23,190
4.24,209
4.25,127
4.26,290
4.27,209
4.28,208
4.29,151
4.3,256
4.31,206
4.32,166
4.33,231
4.34,192
4.35,151
4.36,214
4.37,190
4.38,182
4.39,252
4.4,190
4.41,197
4.42,213
4.43,158
4.44,213
4.45,252
4.46,206
4.47,201
4.48,194
4.49,138
4.5,0
4.51,0
4.52,0
4.53,0
4.54,0
4.55,0
4.56,0
4.57,0
4.58,0
4.59,0
4.6,0
4.61,0
4.62,0
4.63,0
4.64,0
4.65,0
4.66,48
4.67,224
4.68,228
4.69,240
4.7,308
4.71,216
4.72,247
4.73,49
4.74,229
4.75,312
4.76,349
4.77,152
4.78,243
4.79,151
4.8,74
4.81,200
4.82,58
4.83,196
4.84,152
4.85,238
4.86,134
4.87,115
4.88,123
4.89,210
4.9,130
4.91,136
4.92,162
4.93,128
4.94,148
4.95,38
4.96,264
4.97,134
4.98,168
4.99,166
5,28
5.01,26
5.02,158
5.03,382
5.04,360
5.05,381
5.06,296
5.07,285
5.08,258
5.09,277
5.1,147
5.11,120
5.12,284
5.13,259
5.14,31
5.15,0
5.16,0
5.17,0
5.18,64
5.19,304
5.2,362
5.21,269
5.22,355
5.23,128
5.24,196
5.25,367
5.26,379
5.27,323
5.28,361
5.29,261
5.3,283
5.31,198
5.32,192
5.33,242
5.34,140
5.35,225
5.36,75
5.37,0
5.38,0
5.39,0
5.4,0
5.41,0
5.42,0
5.43,0
5.44,305
5.45,426
5.46,270
5.47,173
5.48,319
5.49,275
5.5,286
5.51,366
5.52,467
5.53,306
5.54,205
5.55,201
5.56,199
5.57,184
5.58,188
5.59,208
5.6,198
5.61,224
5.62,164
5.63,232
5.64,30
5.65,0
5.66,0
5.67,0
5.68,0
5.69,0
5.7,0
5.71,0
5.72,0
5.73,0
5.74,0
5.75,0
5.76,0
5.77,0
5.78,0
5.79,0
5.8,0
5.81,121
5.82,71
5.83,330
5.84,373
5.85,177
5.86,417
5.87,347
5.88,402
5.89,339
5.9,277
5.91,295
5.92,277
5.93,202
5.94,215
5.95,205
5.96,180
5.97,233
5.98,205
5.99,120
6,262
6.01,110
6.02,312
6.03,158
6.04,229
6.05,209
6.06,211
6.07,205
6.08,160
6.09,222
6.1,220
6.11,199
6.12,135
6.13,220
6.14,243
6.15,107
6.16,0
6.17,342
6.18,343
6.19,185
6.2,190
6.21,213
6.22,250
6.23,131
6.24,222
6.25,230
6.26,218
6.27,187
6.28,155
6.29,218
6.3,194
6.31,261
6.32,181
6.33,207
6.34,177
6.35,213
6.36,195
6.37,232
6.38,130
6.39,224
6.4,200
6.41,225
6.42,204
6.43,119
6.44,264
6.45,128
6.46,0
6.47,0
6.48,0
6.49,0
6.5,0
6.51,0
6.52,0
6.53,0
6.54,0
6.55,0
6.56,0
6.57,0
6.58,0
6.59,0
6.6,0
6.61,0
6.62,8
6.63,219
6.64,378
6.65,267
6.66,375
6.67,437
6.68,375
6.69,346
6.7,375
6.71,236
6.72,186
6.73,134
6.74,260
6.75,216
6.76,207
6.77,198
6.78,227
6.79,180
6.8,164
6.81,218
6.82,233
6.83,200
6.84,181
6.85,169
6.86,244
6.87,153
6.88,224
6.89,183
6.9,159
6.91,248
6.92,229
6.93,183
6.94,210
6.95,161
6.96,223
6.97,196
6.98,214
6.99,205
7,163
7.01,246
7.02,209
7.03,206
7.04,149
7.05,202
7.06,213
7.07,212
7.08,193
7.09,204
7.1,215
7.11,219
7.12,199
7.13,193
7.14,206
7.15,198
7.16,180
7.17,202
7.18,232
7.19,185
7.2,141
7.21,260
7.22,208
7.23,171
7.24,173
7.25,0
7.26,0
7.27,0
7.28,0
7.29,0
7.3,0
7.31,0
7.32,0
7.33,0
7.34,0
7.35,0
7.36,0
7.37,0
7.38,0
7.39,0
7.4,0
7.41,34
7.42,236
7.43,294
7.44,180
7.45,249
7.46,53
7.47,108
7.48,349
7.49,177
7.5,436
7.51,419
7.52,398
7.53,385
7.54,232
7.55,176
7.56,295
7.57,352
7.58,181
7.59,233
7.6,235
7.61,178
7.62,170
7.63,256
7.64,168
7.65,216
7.66,221
7.67,147
7.68,202
7.69,210
7.7,232
7.71,223
7.72,212
7.73,206
7.74,187
7.75,198
7.76,138
7.77,218
7.78,234
7.79,149
7.8,249
7.81,230
7.82,184
7.83,46
7.84,32
7.85,174
7.86,282
7.87,408
7.88,276
7.89,182
7.9,188
7.91,122
7.92,252
7.93,228
7.94,210
7.95,144
7.96,0
7.97,0
7.98,0
7.99,0
8,0
8.01,32
8.02,325
8.03,412
8.04,373
8.05,429
8.06,291
8.07,152
8.08,307
8.09,313
8.1,390
8.11,228
8.12,196
8.13,230
8.14,173
8.15,216
8.16,191
8.17,212
8.18,192
8.19,232
8.2,176
8.21,0
8.22,0
8.23,0
8.24,0
8.25,0
8.26,0
8.27,0
8.28,0
8.29,0
8.3,0
8.31,0
8.32,0
8.33,0
8.34,0
8.35,0
8.36,0
8.37,48
8.38,149
8.39,203
8.4,226
8.41,315
8.42,447
8.43,314
8.44,467
8.45,445
8.46,276
8.47,0
8.48,146
8.49,477
8.5,291
8.51,228
8.52,208
8.53,158
8.54,202
8.55,221
8.56,231
8.57,104
8.58,254
8.59,230
8.6,230
8.61,201
8.62,202
8.63,180
8.64,216
8.65,147
8.66,209
8.67,236
8.68,203
8.69,158
8.7,192
8.71,217
8.72,219
8.73,144
8.74,207
8.75,255
8.76,215
8.77,220
8.78,197
8.79,98
8.8,0
8.81,0
8.82,160
8.83,269
8.84,479
8.85,352
8.86,212
8.87,164
8.88,220
8.89,210
8.9,212
8.91,160
8.92,232
8.93,225
8.94,214
8.95,161
8.96,227
8.97,203
8.98,224
8.99,210
9,209
9.01,192
9.02,191
9.03,165
9.04,11
9.05,0
9.06,0
9.07,0
9.08,0
9.09,0
9.1,0
9.11,0
9.12,0
9.13,0
9.14,0
9.15,0
9.16,0
9.17,0
9.18,0
9.19,0
9.2,30
9.21,364
9.22,302
9.23,349
9.24,418
9.25,241
9.26,134
9.27,322
9.28,188
9.29,236
9.3,224
9.31,404
9.32,204
9.33,153
9.34,371
9.35,196
9.36,188
9.37,127
9.38,187
9.39,133
9.4,75
9.41,18
9.42,373
9.43,125
9.44,110
9.45,114
9.46,242
9.47,58
9.48,384
9.49,135
9.5,131
9.51,158
9.52,161
9.53,97
9.54,172
9.55,160
9.56,166
9.57,128
9.58,278
9.59,250
9.6,26
9.61,257
9.62,345
9.63,307
9.64,442
9.65,373
9.66,314
9.67,309
9.68,273
9.69,229
9.7,209
9.71,196
9.72,207
9.73,184
9.74,161
9.75,244
9.76,232
9.77,178
9.78,205
9.79,187
9.8,188
9.81,212
9.82,152
9.83,236
9.84,226
9.85,206
9.86,186
9.87,204
9.88,220
9.89,174
9.9,220
9.91,209
9.92,182
9.93,221
9.94,166
9.95,256
9.96,186
9.97,199
9.98,187
9.99,178
10,118
10.01,0
10.02,0
10.03,0
10.04,0
10.05,0
10.06,0
10.07,0
10.08,0
10.09,0
10.1,0
10.11,0
10.12,0
10.13,0
10.14,0
10.15,0
10.16,104
10.17,389
10.18,314
10.19,268
10.2,265
10.21,0
10.22,170
10.23,424
10.24,351
10.25,277
10.26,278
10.27,367
10.28,200
10.29,135
10.3,64
10.31,205
10.32,115
10.33,0
10.34,32
10.35,436
10.36,446
10.37,344
10.38,411
10.39,312
10.4,186
10.41,181
10.42,227
10.43,173
10.44,124
10.45,134
10.46,302
10.47,26
10.48,159
10.49,386
10.5,282
10.51,177
10.52,226
10.53,235
10.54,182
10.55,167
10.56,0
10.57,0
10.58,0
10.59,0
10.6,377
10.61,301
10.62,320
10.63,325
10.64,386
10.65,308
10.66,127
10.67,258
10.68,205
10.69,193
10.7,237
10.71,157
10.72,254
10.73,186
10.74,216
10.75,208
10.76,122
10.77,238
10.78,230
10.79,191
10.8,131
10.81,256
10.82,230
10.83,116
10.84,264
10.85,215
10.86,196
10.87,153
10.88,222
10.89,213
10.9,197
10.91,209
10.92,165
10.93,218
10.94,200
10.95,184
10.96,0
10.97,0
10.98,0
10.99,0
11,0
11.01,0
11.02,0
11.03,0
11.04,0
11.05,0
11.06,0
11.07,0
11.08,0
11.09,0
11.1,0
11.11,0
11.12,0
11.13,0
11.14,128
11.15,217
11.16,109
11.17,96
11.18,398
11.19,334
11.2,164
11.21,212
11.22,194
11.23,281
11.24,186
11.25,296
11.26,202
11.27,73
11.28,0
11.29,0
11.3,34
11.31,176
11.32,471
11.33,387
11.34,240
11.35,324
11.36,205
11.37,185
11.38,218
11.39,239
11.4,161
11.41,48
11.42,0
11.43,128
11.44,239
11.45,429
11.46,336
11.47,38
11.48,260
11.49,196
11.5,104
11.51,396
11.52,355
11.53,291
11.54,348
11.55,250
11.56,245
11.57,229
11.58,271
11.59,225
11.6,126
11.61,282
11.62,204
11.63,132
11.64,232
11.65,209
11.66,205
11.67,230
11.68,210
11.69,173
11.7,191
11.71,216
11.72,220
11.73,166
11.74,232
11.75,133
11.76,171
11.77,222
11.78,264
11.79,128
11.8,206
11.81,227
11.82,212
11.83,149
11.84,236
11.85,244
11.86,210
11.87,150
11.88,230
11.89,136
11.9,220
11.91,249
11.92,207
11.93,146
11.94,233
11.95,212
11.96,173
11.97,204
11.98,220
11.99,224
12,168
12.01,90
12.02,0
12.03,0
12.04,0
12.05,0
12.06,0
12.07,0
12.08,0
12.09,0
12.1,0
12.11,0
12.12,0
12.13,0
12.14,0
12.15,0
12.16,0
12.17,0
12.18,2
12.19,185
12.2,71
12.21,64
12.22,289
12.23,329
12.24,182
12.25,192
12.26,339
12.27,49
12.28,32
12.29,248
12.3,478
12.31,334
12.32,457
12.33,422
12.34,427
12.35,258
12.36,237
12.37,182
12.38,173
12.39,224
12.4,220
12.41,174
12.42,234
12.43,134
12.44,222
12.45,218
12.46,228
12.47,196
12.48,162
12.49,236
12.5,176
12.51,234
12.52,223
12.53,151
12.54,202
12.55,252
12.56,186
12.57,224
12.58,170
12.59,222
12.6,139
12.61,173
12.62,220
12.63,218
12.64,190
12.65,26
12.66,32
12.67,106
12.68,394
12.69,310
12.7,310
12.71,176
12.72,214
12.73,236
12.74,211
12.75,220
12.76,190
12.77,197
12.78,224
12.79,186
12.8,195
12.81,215
12.82,178
12.83,258
12.84,198
12.85,193
12.86,226
12.87,175
12.88,226
12.89,112
12.9,301
12.91,177
12.92,215
12.93,19
12.94,0
12.95,0
12.96,0
12.97,0
12.98,0
12.99,0
13,0
13.01,0
13.02,0
13.03,0
13.04,0
13.05,0
13.06,0
13.07,0
13.08,0
13.09,0
13.1,48
13.11,256
13.12,244
13.13,236
13.14,379
13.15,358
13.16,275
13.17,234
13.18,398
13.19,439
13.2,327
13.21,256
13.22,222
13.23,214
13.24,184
13.25,228
13.26,126
13.27,212
13.28,233
13.29,227
13.3,178
13.31,232
13.32,166
13.33,215
13.34,67
13.35,0
13.36,0
13.37,0
13.38,681
13.39,263
13.4,349
13.41,241
13.42,199
13.43,197
13.44,210
13.45,223
13.46,183
13.47,160
13.48,208
13.49,188
13.5,207
13.51,175
13.52,230
13.53,192
13.54,214
13.55,218
13.56,36
13.57,0
13.58,0
13.59,0
13.6,642
13.61,300
13.62,268
13.63,352
13.64,222
13.65,200
13.66,208
13.67,194
13.68,180
13.69,208
13.7,205
13.71,224
13.72,187
13.73,200
13.74,174
13.75,138
13.76,0
13.77,0
13.78,0
13.79,0
13.8,0
13.81,0
13.82,0
13.83,0
13.84,0
13.85,0
13.86,0
13.87,0
13.88,0
13.89,0
13.9,141
13.91,338
13.92,123
13.93,175
13.94,390
13.95,411
13.96,324
13.97,369
13.98,261
13.99,86
14,124
14.01,180
14.02,345
14.03,336
14.04,373
14.05,330
14.06,214
14.07,146
14.08,246
14.09,216
14.1,203
14.11,170
14.12,221
14.13,196
14.14,134
14.15,280
14.16,194
14.17,134
14.18,232
14.19,224
14.2,170
14.21,234
14.22,104
14.23,258
14.24,220
14.25,209
14.26,224
14.27,167
14.28,219
14.29,137
14.3,272
14.31,238
14.32,220
14.33,186
14.34,184
14.35,226
14.36,193
14.37,181
14.38,199
14.39,203
14.4,225
14.41,163
14.42,208
14.43,152
14.44,252
14.45,0
14.46,0
14.47,0
14.48,0
14.49,0
14.5,0
14.51,0
14.52,0
14.53,0
14.54,0
14.55,0
14.56,0
14.57,0
14.58,0
14.59,0
14.6,0
14.61,0
14.62,0
14.63,0
14.64,0
14.65,0
14.66,0
14.67,0
14.68,0
14.69,0
14.7,0
14.71,0
14.72,0
14.73,0
14.74,0
14.75,0
14.76,0
14.77,0
14.78,0
14.79,0
14.8,0
14.81,0
14.82,0
14.83,0
14.84,0
14.85,0
14.86,0
14.87,0
14.88,0
14.89,0
14.9,0
14.91,0
14.92,0
14.93,0
14.94,0
14.95,0
14.96,0
14.97,0
14.98,0
14.99,0
15,0
15.01,0
15.02,0
15.03,0
15.04,0
15.05,0
15.06,0
15.07,0
15.08,0
15.09,0
15.1,0
15.11,0
15.12,64
15.13,0
15.14,0
15.15,0
15.16,0
15.17,0
15.18,0
15.19,0
15.2,64
15.21,64
15.22,0
15.23,0
15.24,0
15.25,0
15.26,0
15.27,0
15.28,0
15.29,1705
15.3,3022
15.31,2324
15.32,1312
15.33,261
15.34,249
15.35,211
15.36,202
15.37,182
15.38,161
15.39,220
15.4,195
15.41,185
15.42,201
15.43,213
15.44,210
15.45,115
15.46,0
15.47,0
15.48,0
15.49,0
15.5,0
15.51,0
15.52,29
15.53,200
15.54,323
15.55,381
15.56,203
15.57,213
15.58,304
15.59,248
15.6,337
15.61,130
15.62,0
15.63,0
15.64,0
15.65,0
15.66,0
15.67,32
15.68,96
15.69,361
15.7,351
15.71,295
15.72,311
15.73,250
15.74,350
15.75,232
15.76,337
15.77,258
15.78,383
15.79,280
15.8,188
15.81,196
15.82,186
15.83,221
15.84,207
15.85,158
15.86,240
15.87,212
15.88,180
15.89,216
15.9,226
15.91,174
15.92,202
15.93,192
15.94,216
15.95,170
15.96,200
15.97,244
15.98,200
15.99,132
16,206
16.01,236
16.02,187
16.03,199
16.04,203
16.05,250
16.06,172
16.07,173
16.08,244
16.09,198
16.1,199
16.11,225
16.12,191
16.13,163
16.14,226
16.15,194
16.16,174
16.17,224
16.18,150
16.19,210
16.2,232
16.21,204
16.22,204
16.23,60
16.24,0
16.25,0
16.26,0
16.27,0
16.28,0
16.29,0
16.3,0
16.31,0
16.32,0
16.33,0
16.34,0
16.35,0
16.36,0
16.37,0
16.38,0
16.39,0
16.4,297
16.41,289
16.42,276
16.43,426
16.44,316
16.45,254
16.46,132
16.47,0
16.48,270
16.49,276
16.5,364
16.51,452
16.52,407
16.53,273
16.54,148
16.55,237
16.56,202
16.57,162
16.58,215
16.59,158
16.6,272
16.61,216
16.62,226
16.63,217
16.64,135
16.65,186
16.66,114
16.67,296
16.68,222
16.69,169
16.7,15
16.71,168
16.72,323
16.73,265
16.74,252
16.75,182
16.76,230
16.77,171
16.78,163
16.79,241
16.8,232
16.81,123
16.82,250
16.83,198
16.84,220
16.85,188
16.86,235
16.87,177
16.88,234
16.89,179
16.9,157
16.91,287
16.92,183
16.93,220
16.94,196
16.95,194
16.96,234
16.97,183
16.98,210
16.99,179
17,174
17.01,220
17.02,210
17.03,209
17.04,139
17.05,126
17.06,0
17.07,0
17.08,0
17.09,0
17.1,0
17.11,0
17.12,0
17.13,0
17.14,0
17.15,0
17.16,0
17.17,0
17.18,0
17.19,0
17.2,0
17.21,0
17.22,0
17.23,14
17.24,428
17.25,148
17.26,284
17.27,282
17.28,371
17.29,326
17.3,283
17.31,392
17.32,382
17.33,296
17.34,280
17.35,191
17.36,226
17.37,195
17.38,192
17.39,170
17.4,226
17.41,203
17.42,186
17.43,177
17.44,180
17.45,200
17.46,222
17.47,217
17.48,204
17.49,171
17.5,216
17.51,226
17.52,183
17.53,201
17.54,142
17.55,226
17.56,210
17.57,201
17.58,214
17.59,215
17.6,182
17.61,182
17.62,216
17.63,118
17.64,118
17.65,306
17.66,266
17.67,167
17.68,139
17.69,242
17.7,238
17.71,217
17.72,115
17.73,201
17.74,247
17.75,201
17.76,149
17.77,214
17.78,223
17.79,224
17.8,197
17.81,220
17.82,130
17.83,164
17.84,122
17.85,150
17.86,60
17.87,168
17.88,113
17.89,133
17.9,108
17.91,132
17.92,118
17.93,103
17.94,85
17.95,96
17.96,159
17.97,131
17.98,0
17.99,69
18,241
18.01,397
18.02,217
18.03,72
18.04,230
18.05,207
18.06,191
18.07,167
18.08,49
18.09,97
18.1,216
18.11,97
18.12,0
18.13,0
18.14,0
18.15,0
18.16,0
18.17,0
18.18,0
18.19,0
18.2,0
18.21,0
18.22,0
18.23,0
18.24,0
18.25,0
18.26,0
18.27,0
18.28,0
18.29,0
18.3,0
18.31,26
18.32,241
18.33,221
18.34,307
18.35,320
18.36,290
18.37,402
18.38,331
18.39,180
18.4,230
18.41,94
18.42,18
18.43,168
18.44,459
18.45,71
18.46,176
18.47,38
18.48,316
18.49,82
18.5,120
18.51,160
18.52,110
18.53,86
18.54,122
18.55,0
18.56,0
18.57,40
18.58,327
18.59,207
18.6,100
18.61,143
18.62,79
18.63,204
18.64,130
18.65,133
18.66,157
18.67,122
18.68,30
18.69,0
18.7,0
18.71,0
18.72,32
18.73,284
18.74,349
18.75,305
18.76,410
18.77,371
18.78,328
18.79,490
18.8,319
18.81,152
18.82,174
18.83,216
18.84,219
18.85,233
18.86,176
18.87,166
18.88,256
18.89,142
18.9,256
18.91,236
18.92,192
18.93,173
18.94,213
18.95,187
18.96,224
18.97,177
18.98,222
18.99,223
19,232
19.01,139
19.02,122
19.03,0
19.04,0
19.05,0
19.06,0
19.07,0
19.08,0
19.09,0
19.1,186
19.11,114
19.12,116
19.13,360
19.14,364
19.15,371
19.16,268
19.17,345
19.18,395
19.19,428
19.2,293
19.21,195
19.22,198
19.23,61
19.24,270
19.25,225
19.26,125
19.27,128
19.28,0
19.29,0
19.3,0
19.31,0
19.32,0
19.33,0
19.34,0
19.35,0
19.36,0
19.37,0
19.38,0
19.39,0
19.4,0
19.41,0
19.42,0
19.43,0
19.44,352
19.45,375
19.46,247
19.47,56
19.48,174
19.49,254
19.5,380
19.51,400
19.52,287
19.53,431
19.54,394
19.55,298
19.56,173
19.57,217
19.58,215
19.59,179
19.6,206
19.61,201
19.62,216
19.63,127
19.64,240
19.65,206
19.66,188
19.67,197
19.68,213
19.69,176
19.7,220
19.71,196
19.72,235
19.73,175
19.74,243
19.75,145
19.76,226
19.77,196
19.78,152
19.79,204
19.8,232
19.81,221
19.82,139
19.83,245
19.84,195
19.85,213
19.86,155
19.87,236
19.88,214
19.89,212
19.9,40
19.91,0
19.92,0
19.93,130
19.94,355
19.95,383
19.96,428
19.97,184
19.98,232
19.99,192
20,204
20.01,218
20.02,166
20.03,237
20.04,177
20.05,208
20.06,217
20.07,131
20.08,246
20.09,196
20.1,236
20.11,110
20.12,228
20.13,16
20.14,0
20.15,0
20.16,0
20.17,0
20.18,0
20.19,0
20.2,0
20.21,0
20.22,0
20.23,0
20.24,0
20.25,0
20.26,0
20.27,0
20.28,115
20.29,239
20.3,287
20.31,360
20.32,401
20.33,352
20.34,357
20.35,378
20.36,266
20.37,361
20.38,114
20.39,236
20.4,218
20.41,144
20.42,242
20.43,229
20.44,183
20.45,178
20.46,168
20.47,232
20.48,230
20.49,187
20.5,239
20.51,148
20.52,234
20.53,194
20.54,216
20.55,214
20.56,164
20.57,179
20.58,271
20.59,219
20.6,164
20.61,216
20.62,199
20.63,217
20.64,179
20.65,212
20.66,218
20.67,196
20.68,189
20.69,153
20.7,230
20.71,195
20.72,214
20.73,223
20.74,148
20.75,189
20.76,155
20.77,222
20.78,270
20.79,142
20.8,289
20.81,193
20.82,174
20.83,223
20.84,159
20.85,170
20.86,211
20.87,157
20.88,240
20.89,192
20.9,176
20.91,230
20.92,216
20.93,126
20.94,0
20.95,0
20.96,0
20.97,0
20.98,0
20.99,0
21,0
21.01,0
21.02,0
21.03,0
21.04,0
21.05,0
21.06,0
21.07,0
21.08,0
21.09,0
21.1,0
21.11,96
21.12,200
21.13,329
21.14,290
21.15,333
21.16,295
21.17,245
21.18,102
21.19,218
21.2,393
21.21,263
21.22,34
21.23,8
21.24,392
21.25,329
21.26,103
21.27,366
21.28,261
21.29,318
21.3,294
21.31,354
21.32,246
21.33,191
21.34,162
21.35,202
21.36,122
21.37,258
21.38,214
21.39,228
21.4,132
21.41,222
21.42,235
21.43,201
21.44,202
21.45,214
21.46,136
21.47,242
21.48,224
21.49,199
21.5,191
21.51,210
21.52,162
21.53,241
21.54,179
21.55,146
21.56,222
21.57,211
21.58,141
21.59,272
21.6,211
21.61,185
21.62,146
21.63,236
21.64,220
21.65,224
21.66,192
21.67,132
21.68,287
21.69,157
21.7,226
21.71,199
21.72,199
21.73,168
21.74,154
21.75,284
21.76,188
21.77,205
21.78,197
21.79,210
21.8,134
21.81,0
21.82,0
21.83,0
21.84,0
21.85,0
21.86,0
21.87,0
21.88,0
21.89,0
21.9,0
21.91,0
21.92,0
21.93,0
21.94,0
21.95,0
21.96,0
21.97,0
21.98,96
21.99,414
22,384
22.01,201
22.02,302
22.03,273
22.04,378
22.05,330
22.06,331
22.07,378
22.08,243
22.09,240
22.1,166
22.11,0
22.12,24
22.13,150
22.14,423
22.15,359
22.16,269
22.17,229
22.18,166
22.19,198
22.2,224
22.21,187
22.22,202
22.23,233
22.24,168
22.25,204
22.26,220
22.27,192
22.28,210
22.29,170
22.3,252
22.31,200
22.32,179
22.33,171
22.34,184
22.35,241
22.36,193
22.37,164
22.38,246
22.39,196
22.4,225
22.41,181
22.42,228
22.43,173
22.44,238
22.45,187
22.46,216
22.47,188
22.48,168
22.49,183
22.5,245
22.51,102
22.52,268
22.53,183
22.54,215
22.55,196
22.56,218
22.57,214
22.58,231
22.59,178
22.6,175
22.61,168
22.62,228
22.63,188
22.64,222
22.65,181
22.66,253
22.67,130
22.68,222
22.69,68
22.7,0
22.71,0
22.72,0
22.73,0
22.74,0
22.75,0
22.76,0
22.77,0
22.78,0
22.79,0
22.8,0
22.81,0
22.82,0
22.83,0
22.84,0
22.85,10
22.86,86
22.87,310
22.88,376
22.89,380
22.9,224
22.91,443
22.92,403
22.93,226
22.94,0
22.95,0
22.96,0
22.97,0
22.98,26
22.99,352
23,272
23.01,309
23.02,409
23.03,358
23.04,432
23.05,399
23.06,279
23.07,210
23.08,183
23.09,173
23.1,170
23.11,240
23.12,180
23.13,217
23.14,202
23.15,177
23.16,218
23.17,200
23.18,144
23.19,252
23.2,218
23.21,164
23.22,240
23.23,202
23.24,230
23.25,180
23.26,215
23.27,191
23.28,196
23.29,98
23.3,161
23.31,292
23.32,272
23.33,219
23.34,195
23.35,171
23.36,206
23.37,140
23.38,128
23.39,0
23.4,0
23.41,0
23.42,641
23.43,298
23.44,292
23.45,274
23.46,164
23.47,265
23.48,220
23.49,200
23.5,208
23.51,172
23.52,88
23.53,0
23.54,0
23.55,0
23.56,0
23.57,0
23.58,0
23.59,0
23.6,0
23.61,0
23.62,0
23.63,0
23.64,0
23.65,0
23.66,0
23.67,40
23.68,103
23.69,424
23.7,408
23.71,362
23.72,309
23.73,301
23.74,300
23.75,420
23.76,277
23.77,238
23.78,236
23.79,165
23.8,139
23.81,259
23.82,147
23.83,0
23.84,0
23.85,0
23.86,617
23.87,228
23.88,355
23.89,273
23.9,191
23.91,201
23.92,131
23.93,235
23.94,196
23.95,189
23.96,208
23.97,167
23.98,241
23.99,203
24,205
24.01,164
24.02,260
24.03,218
24.04,92
24.05,226
24.06,221
24.07,239
24.08,150
24.09,238
24.1,212
24.11,180
24.12,180
24.13,225
24.14,151
24.15,252
24.16,226
24.17,187
24.18,165
24.19,241
24.2,232
24.21,161
24.22,212
24.23,199
24.24,141
24.25,224
24.26,186
24.27,222
24.28,214
24.29,196
24.3,176
24.31,102
24.32,0
24.33,0
24.34,0
24.35,0
24.36,0
24.37,0
24.38,0
24.39,0
24.4,0
24.41,0
24.42,0
24.43,0
24.44,0
24.45,0
24.46,0
24.47,0
24.48,132
24.49,6
24.5,0
24.51,0
24.52,239
24.53,306
24.54,165
24.55,134
24.56,199
24.57,386
24.58,282
24.59,363
24.6,363
24.61,314
24.62,352
24.63,357
24.64,320
24.65,216
24.66,209
24.67,149
24.68,235
24.69,221
24.7,162
24.71,230
24.72,154
24.73,224
24.74,208
24.75,189
24.76,245
24.77,154
24.78,218
24.79,136
24.8,248
24.81,195
24.82,177
24.83,258
24.84,205
24.85,220
24.86,193
24.87,172
24.88,213
24.89,127
24.9,72
24.91,24
24.92,108
24.93,384
24.94,168
24.95,43
24.96,148
24.97,290
24.98,224
24.99,371
25,171
25.01,232
25.02,402
25.03,221
25.04,223
25.05,166
25.06,167
25.07,238
25.08,204
25.09,186
25.1,204
25.11,169
25.12,258
25.13,159
25.14,186
25.15,186
25.16,260
25.17,155
25.18,171
25.19,22
25.2,16
25.21,253
25.22,396
25.23,287
25.24,228
25.25,112
25.26,266
25.27,214
25.28,222
25.29,201
25.3,49
25.31,0
25.32,0
25.33,0
25.34,0
25.35,0
25.36,0
25.37,0
25.38,0
25.39,0
25.4,0
25.41,0
25.42,0
25.43,0
25.44,0
25.45,0
25.46,0
25.47,144
25.48,333
25.49,367
25.5,241
25.51,383
25.52,331
25.53,247
25.54,406
25.55,353
25.56,171
25.57,327
25.58,233
25.59,208
25.6,152
25.61,162
25.62,0
25.63,34
25.64,412
25.65,360
25.66,127
25.67,203
25.68,250
25.69,251
25.7,198
25.71,137
25.72,226
25.73,220
25.74,193
25.75,209
25.76,182
25.77,246
25.78,200
25.79,114
25.8,253
25.81,189
25.82,28
25.83,0
25.84,0
25.85,0
25.86,0
25.87,0
25.88,0
25.89,305
25.9,199
25.91,359
25.92,305
25.93,387
25.94,393
25.95,267
25.96,381
25.97,156
25.98,10
25.99,167
26,292
26.01,405
26.02,114
26.03,303
26.04,331
26.05,181
26.06,163
26.07,243
26.08,181
26.09,188
26.1,237
26.11,183
26.12,110
26.13,255
26.14,181
26.15,206
26.16,238
26.17,184
26.18,218
26.19,203
26.2,155
26.21,246
26.22,200
26.23,194
26.24,198
26.25,230
26.26,188
26.27,193
26.28,169
26.29,54
26.3,0
26.31,0
26.32,0
26.33,0
26.34,0
26.35,0
26.36,0
26.37,0
26.38,0
26.39,0
26.4,0
26.41,0
26.42,0
26.43,0
26.44,0
26.45,5
26.46,203
26.47,112
26.48,307
26.49,242
26.5,341
26.51,324
26.52,423
26.53,325
26.54,412
26.55,286
26.56,298
26.57,224
26.58,209
26.59,183
26.6,211
26.61,175
26.62,126
26.63,0
26.64,81
26.65,41
26.66,0
26.67,70
26.68,0
26.69,0
26.7,0
26.71,0
26.72,136
26.73,210
26.74,262
26.75,228
26.76,310
26.77,144
26.78,0
26.79,0
26.8,0
26.81,0
26.82,301
26.83,261
26.84,234
26.85,106
26.86,0
26.87,0
26.88,0
26.89,4
26.9,323
26.91,167
26.92,104
26.93,96
26.94,13
26.95,19
26.96,8
26.97,134
26.98,0
26.99,0
27,34
27.01,82
27.02,0
27.03,0
27.04,100
27.05,32
27.06,0
27.07,162
27.08,360
27.09,265
27.1,323
27.11,332
27.12,290
27.13,144
27.14,324
27.15,253
27.16,409
27.17,122
27.18,266
27.19,378
27.2,248
27.21,116
27.22,203
27.23,71
27.24,360
27.25,154
27.26,8
27.27,144
27.28,136
27.29,64
27.3,369
27.31,155
27.32,314
27.33,167
27.34,1
27.35,24
27.36,243
27.37,402
27.38,423
27.39,300
27.4,263
27.41,103
27.42,218
27.43,292
27.44,274
27.45,222
27.46,196
27.47,215
27.48,149
27.49,196
27.5,271
27.51,176
27.52,202
27.53,171
27.54,213
27.55,237
27.56,161
27.57,179
27.58,216
27.59,54
27.6,0
27.61,0
27.62,0
27.63,0
27.64,0
27.65,0
27.66,0
27.67,0
27.68,0
27.69,0
27.7,0
27.71,0
27.72,0
27.73,0
27.74,0
27.75,0
27.76,0
27.77,0
27.78,0
27.79,32
27.8,284
27.81,309
27.82,273
27.83,244
27.84,252
27.85,307
27.86,214
27.87,201
27.88,387
27.89,331
27.9,384
27.91,356
27.92,252
27.93,220
27.94,207
27.95,216
27.96,223
27.97,172
27.98,202
27.99,162
28,224
28.01,207
28.02,224
28.03,143
28.04,196
28.05,204
28.06,246
28.07,158
28.08,266
28.09,180
28.1,196
28.11,206
28.12,180
28.13,176
28.14,226
28.15,265
28.16,169
28.17,212
28.18,199
28.19,141
28.2,263
28.21,230
28.22,201
28.23,160
28.24,228
28.25,216
28.26,178
28.27,211
28.28,189
28.29,232
28.3,210
28.31,176
28.32,150
28.33,223
28.34,228
28.35,212
28.36,184
28.37,183
28.38,238
28.39,191
28.4,113
28.41,228
28.42,182
28.43,216
28.44,170
28.45,0
28.46,0
28.47,0
28.48,0
28.49,0
28.5,0
28.51,0
28.52,0
28.53,0
28.54,0
28.55,0
28.56,0
28.57,0
28.58,0
28.59,0
28.6,0
28.61,0
28.62,0
28.63,0
28.64,0
28.65,0
28.66,0
28.67,0
28.68,0
28.69,0
28.7,0
28.71,0
28.72,0
28.73,0
28.74,0
28.75,0
28.76,0
28.77,0
28.78,0
28.79,0
28.8,0
28.81,2
