"Interval start","All packets"
0,2
0.01,0
0.02,0
0.03,0
0.04,0
0.05,0
0.06,0
0.07,0
0.08,0
0.09,0
0.1,0
0.11,0
0.12,0
0.13,0
0.14,0
0.15,0
0.16,0
0.17,0
0.18,0
0.19,0
0.2,0
0.21,0
0.22,0
0.23,0
0.24,0
0.25,0
0.26,0
0.27,0
0.28,0
0.29,0
0.3,0
0.31,0
0.32,0
0.33,0
0.34,0
0.35,0
0.36,0
0.37,0
0.38,0
0.39,0
0.4,0
0.41,0
0.42,0
0.43,0
0.44,0
0.45,0
0.46,0
0.47,0
0.48,0
0.49,0
0.5,0
0.51,0
0.52,0
0.53,0
0.54,0
0.55,0
0.56,0
0.57,0
0.58,0
0.59,0
0.6,0
0.61,0
0.62,0
0.63,0
0.64,0
0.65,0
0.66,0
0.67,0
0.68,0
0.69,0
0.7,0
0.71,0
0.72,0
0.73,0
0.74,0
0.75,0
0.76,0
0.77,0
0.78,0
0.79,0
0.8,0
0.81,0
0.82,0
0.83,0
0.84,0
0.85,0
0.86,0
0.87,0
0.88,0
0.89,0
0.9,0
0.91,0
0.92,0
0.93,0
0.94,0
0.95,0
0.96,0
0.97,0
0.98,0
0.99,0
1,0
1.01,0
1.02,0
1.03,0
1.04,0
1.05,1
1.06,0
1.07,0
1.08,2
1.09,1
1.1,1
1.11,2
1.12,1
1.13,1
1.14,2
1.15,2
1.16,0
1.17,2
1.18,2
1.19,0
1.2,2
1.21,0
1.22,2
1.23,2
1.24,0
1.25,0
1.26,2
1.27,1
1.28,1
1.29,0
1.3,1
1.31,1
1.32,1
1.33,0
1.34,2
1.35,1
1.36,1
1.37,1
1.38,2
1.39,0
1.4,2
1.41,0
1.42,2
1.43,1
1.44,1
1.45,0
1.46,2
1.47,2
1.48,1
1.49,3
1.5,0
1.51,2
1.52,2
1.53,1
1.54,3
1.55,2
1.56,1
1.57,1
1.58,2
1.59,1
1.6,2
1.61,2
1.62,1
1.63,1
1.64,1
1.65,1
1.66,3
1.67,1
1.68,1
1.69,1
1.7,1
1.71,3
1.72,1
1.73,2
1.74,1
1.75,3
1.76,1
1.77,1
1.78,1
1.79,1
1.8,1
1.81,2
1.82,1
1.83,2
1.84,1
1.85,1
1.86,1
1.87,2
1.88,2
1.89,1
1.9,1
1.91,1
1.92,0
1.93,0
1.94,0
1.95,0
1.96,0
1.97,0
1.98,1
1.99,1
2,1
2.01,0
2.02,0
2.03,1
2.04,1
2.05,1
2.06,1
2.07,1
2.08,0
2.09,0
2.1,1
2.11,1
2.12,2
2.13,1
2.14,1
2.15,1
2.16,1
2.17,1
2.18,2
2.19,1
2.2,1
2.21,3
2.22,3
2.23,0
2.24,1
2.25,0
2.26,1
2.27,1
2.28,1
2.29,1
2.3,0
2.31,2
2.32,2
2.33,1
2.34,2
2.35,2
2.36,1
2.37,2
2.38,1
2.39,1
2.4,1
2.41,1
2.42,0
2.43,1
2.44,1
2.45,0
2.46,1
2.47,0
2.48,1
2.49,1
2.5,0
2.51,1
2.52,0
2.53,0
2.54,1
2.55,1
2.56,1
2.57,0
2.58,1
2.59,0
2.6,0
2.61,0
2.62,1
2.63,1
2.64,1
2.65,0
2.66,2
2.67,1
2.68,1
2.69,1
2.7,2
2.71,4
2.72,2
2.73,2
2.74,1
2.75,1
2.76,2
2.77,0
2.78,3
2.79,1
2.8,2
2.81,2
2.82,3
2.83,2
2.84,1
2.85,1
2.86,3
2.87,2
2.88,1
2.89,1
2.9,3
2.91,3
2.92,2
2.93,2
2.94,1
2.95,1
2.96,1
2.97,0
2.98,1
2.99,1
3,1
3.01,2
3.02,1
3.03,0
3.04,0
3.05,0
3.06,1
3.07,0
3.08,2
3.09,1
3.1,1
3.11,1
3.12,1
3.13,2
3.14,0
3.15,1
3.16,1
3.17,1
3.18,1
3.19,2
3.2,2
3.21,1
3.22,2
3.23,2
3.24,0
3.25,1
3.26,1
3.27,1
3.28,6
3.29,27
3.3,1
3.31,1
3.32,0
3.33,1
3.34,1
3.35,0
3.36,1
3.37,1
3.38,0
3.39,2
3.4,0
3.41,1
3.42,1
3.43,1
3.44,0
3.45,1
3.46,1
3.47,0
3.48,1
3.49,1
3.5,1
3.51,18
3.52,21
3.53,14
3.54,4
3.55,2
3.56,2
3.57,2
3.58,0
3.59,3
3.6,1
3.61,2
3.62,2
3.63,1
3.64,2
3.65,0
3.66,0
3.67,1
3.68,0
3.69,1
3.7,1
3.71,1
3.72,1
3.73,1
3.74,1
3.75,0
3.76,1
3.77,3
3.78,1
3.79,1
3.8,0
3.81,2
3.82,1
3.83,1
3.84,2
3.85,1
3.86,2
3.87,1
3.88,1
3.89,2
3.9,3
3.91,5
3.92,2
3.93,2
3.94,1
3.95,1
3.96,0
3.97,0
3.98,3
3.99,4
4,3
4.01,2
4.02,3
4.03,1
4.04,1
4.05,4
4.06,3
4.07,1
4.08,1
4.09,2
4.1,1
4.11,1
4.12,1
4.13,1
4.14,3
4.15,1
4.16,2
4.17,0
4.18,0
4.19,1
4.2,0
4.21,1
4.22,1
4.23,0
4.24,1
4.25,1
4.26,2
4.27,1
4.28,1
4.29,2
4.3,1
4.31,0
4.32,1
4.33,1
4.34,1
4.35,1
4.36,1
4.37,2
4.38,1
4.39,2
4.4,2
4.41,2
4.42,1
4.43,1
4.44,3
4.45,2
4.46,2
4.47,3
4.48,1
4.49,1
4.5,2
4.51,4
4.52,1
4.53,4
4.54,2
4.55,3
4.56,1
4.57,2
4.58,2
4.59,1
4.6,3
4.61,2
4.62,3
4.63,1
4.64,1
4.65,3
4.66,1
4.67,2
4.68,0
4.69,0
4.7,0
4.71,0
4.72,0
4.73,1
4.74,1
4.75,0
4.76,2
4.77,1
4.78,1
4.79,1
4.8,1
4.81,1
4.82,2
4.83,2
4.84,1
4.85,2
4.86,1
4.87,1
4.88,2
4.89,1
4.9,1
4.91,2
4.92,1
4.93,2
4.94,2
4.95,2
4.96,2
4.97,2
4.98,3
4.99,1
5,2
5.01,0
5.02,0
5.03,4
5.04,3
5.05,1
5.06,3
5.07,1
5.08,2
5.09,2
5.1,2
5.11,2
5.12,2
5.13,2
5.14,1
5.15,2
5.16,1
5.17,1
5.18,2
5.19,2
5.2,2
5.21,1
5.22,0
5.23,2
5.24,2
5.25,1
5.26,1
5.27,1
5.28,1
5.29,1
5.3,2
5.31,1
5.32,1
5.33,2
5.34,2
5.35,0
5.36,0
5.37,1
5.38,2
5.39,1
5.4,0
5.41,4
5.42,2
5.43,1
5.44,2
5.45,2
5.46,2
5.47,1
5.48,0
5.49,0
5.5,0
5.51,0
5.52,0
5.53,0
5.54,0
5.55,0
5.56,0
5.57,0
5.58,0
5.59,0
5.6,1
5.61,0
5.62,0
5.63,1
5.64,1
5.65,1
5.66,1
5.67,1
5.68,1
5.69,2
5.7,1
5.71,1
5.72,2
5.73,1
5.74,3
5.75,0
5.76,1
5.77,1
5.78,1
5.79,0
5.8,0
5.81,0
5.82,0
5.83,0
5.84,0
5.85,0
5.86,0
5.87,0
5.88,0
5.89,1
5.9,0
5.91,0
5.92,0
5.93,0
5.94,0
5.95,1
5.96,0
5.97,1
5.98,0
5.99,0
6,0
6.01,0
6.02,0
6.03,0
6.04,0
6.05,0
6.06,0
6.07,0
6.08,0
6.09,0
6.1,0
6.11,0
6.12,1
6.13,0
6.14,1
6.15,0
6.16,1
6.17,1
6.18,1
6.19,1
6.2,1
6.21,1
6.22,1
6.23,1
6.24,2
6.25,1
6.26,0
6.27,0
6.28,1
6.29,0
6.3,0
6.31,0
6.32,0
6.33,1
6.34,0
6.35,1
6.36,1
6.37,1
6.38,0
6.39,2
6.4,0
6.41,0
6.42,1
6.43,0
6.44,0
6.45,0
6.46,1
6.47,0
6.48,1
6.49,1
6.5,0
6.51,1
6.52,1
6.53,0
6.54,0
6.55,0
6.56,0
6.57,0
6.58,0
6.59,0
6.6,0
6.61,0
6.62,0
6.63,0
6.64,1
6.65,0
6.66,1
6.67,1
6.68,0
6.69,1
6.7,1
6.71,1
6.72,1
6.73,1
6.74,2
6.75,2
6.76,1
6.77,2
6.78,2
6.79,0
6.8,3
6.81,1
6.82,2
6.83,1
6.84,1
6.85,2
6.86,2
6.87,0
6.88,0
6.89,2
6.9,2
6.91,1
6.92,0
6.93,0
6.94,1
6.95,1
6.96,0
6.97,1
6.98,1
6.99,1
7,2
7.01,1
7.02,1
7.03,2
7.04,1
7.05,1
7.06,2
7.07,1
7.08,2
7.09,2
7.1,2
7.11,3
7.12,2
7.13,2
7.14,2
7.15,1
7.16,1
7.17,1
7.18,2
7.19,2
7.2,1
7.21,1
7.22,1
7.23,1
7.24,0
7.25,4
7.26,2
7.27,1
7.28,2
7.29,1
7.3,0
7.31,2
7.32,1
7.33,1
7.34,0
7.35,1
7.36,2
7.37,0
7.38,2
7.39,1
7.4,1
7.41,0
7.42,0
7.43,0
7.44,0
7.45,0
7.46,0
7.47,1
7.48,0
7.49,1
7.5,0
7.51,0
7.52,0
7.53,0
7.54,0
7.55,0
7.56,0
7.57,0
7.58,0
7.59,0
7.6,1
7.61,0
7.62,1
7.63,0
7.64,1
7.65,1
7.66,1
7.67,1
7.68,1
7.69,2
7.7,1
7.71,2
7.72,1
7.73,1
7.74,1
7.75,1
7.76,2
7.77,5
7.78,3
7.79,4
7.8,3
7.81,4
7.82,6
7.83,2
7.84,2
7.85,3
7.86,1
7.87,2
7.88,2
7.89,1
7.9,1
7.91,1
7.92,1
7.93,1
7.94,1
7.95,1
7.96,1
7.97,1
7.98,1
7.99,0
8,2
8.01,1
8.02,1
8.03,2
8.04,2
8.05,1
8.06,1
8.07,0
8.08,1
8.09,1
8.1,0
8.11,1
8.12,1
8.13,0
8.14,1
8.15,0
8.16,1
8.17,0
8.18,1
8.19,0
8.2,1
8.21,1
8.22,0
8.23,1
8.24,0
8.25,0
8.26,1
8.27,1
8.28,0
8.29,1
8.3,1
8.31,0
8.32,1
8.33,1
8.34,0
8.35,1
8.36,1
8.37,0
8.38,1
8.39,0
8.4,1
8.41,1
8.42,1
8.43,0
8.44,2
8.45,1
8.46,3
8.47,1
8.48,1
8.49,1
8.5,1
8.51,1
8.52,0
8.53,1
8.54,1
8.55,1
8.56,0
8.57,1
8.58,1
8.59,0
8.6,1
8.61,1
8.62,1
8.63,0
8.64,1
8.65,1
8.66,0
8.67,1
8.68,1
8.69,0
8.7,1
8.71,0
8.72,0
8.73,0
8.74,0
8.75,0
8.76,0
8.77,0
8.78,0
8.79,1
8.8,1
8.81,0
8.82,1
8.83,1
8.84,0
8.85,1
8.86,1
8.87,0
8.88,1
8.89,1
8.9,0
8.91,1
8.92,1
8.93,0
8.94,1
8.95,1
8.96,0
8.97,1
8.98,0
8.99,1
9,1
9.01,0
9.02,1
9.03,1
9.04,0
9.05,2
9.06,1
9.07,0
9.08,1
9.09,3
9.1,1
9.11,0
9.12,2
9.13,1
9.14,0
9.15,1
9.16,1
9.17,0
9.18,1
9.19,1
9.2,0
9.21,1
9.22,0
9.23,1
9.24,0
9.25,1
9.26,1
9.27,0
9.28,1
9.29,0
9.3,0
9.31,0
9.32,1
9.33,0
9.34,1
9.35,0
9.36,1
9.37,1
9.38,0
9.39,1
9.4,1
9.41,0
9.42,1
9.43,0
9.44,1
9.45,1
9.46,0
9.47,1
9.48,1
9.49,0
9.5,1
9.51,1
9.52,0
9.53,1
9.54,0
9.55,1
9.56,1
9.57,1
9.58,1
9.59,1
9.6,1
9.61,1
9.62,1
9.63,0
9.64,1
9.65,1
9.66,1
9.67,0
9.68,1
9.69,1
9.7,1
9.71,0
9.72,1
9.73,1
9.74,1
9.75,1
9.76,0
9.77,1
9.78,1
9.79,0
9.8,1
9.81,1
9.82,1
9.83,0
9.84,1
9.85,1
9.86,0
9.87,1
9.88,1
9.89,0
9.9,1
9.91,1
9.92,1
9.93,0
9.94,1
9.95,1
9.96,0
9.97,1
9.98,0
9.99,1
10,1
10.01,0
10.02,1
10.03,1
10.04,0
10.05,1
10.06,1
10.07,0
10.08,1
10.09,1
10.1,1
10.11,1
10.12,1
10.13,1
10.14,1
10.15,1
10.16,2
10.17,1
10.18,1
10.19,1
10.2,0
10.21,2
10.22,0
10.23,1
10.24,1
10.25,1
10.26,2
10.27,2
10.28,3
10.29,1
10.3,0
10.31,1
10.32,0
10.33,1
10.34,1
10.35,0
10.36,1
10.37,1
10.38,1
10.39,1
10.4,0
10.41,1
10.42,0
10.43,1
10.44,1
10.45,0
10.46,1
10.47,0
10.48,1
10.49,0
10.5,1
10.51,1
10.52,0
10.53,1
10.54,0
10.55,1
10.56,0
10.57,1
10.58,1
10.59,0
10.6,1
10.61,0
10.62,1
10.63,1
10.64,0
10.65,1
10.66,1
10.67,1
10.68,1
10.69,1
10.7,1
10.71,1
10.72,1
10.73,1
10.74,3
10.75,1
10.76,1
10.77,1
10.78,2
10.79,1
10.8,2
10.81,3
10.82,3
10.83,1
10.84,0
10.85,1
10.86,0
10.87,1
10.88,1
10.89,1
10.9,2
10.91,0
10.92,1
10.93,1
10.94,0
10.95,1
10.96,0
10.97,1
10.98,1
10.99,0
11,1
11.01,1
11.02,0
11.03,1
11.04,1
11.05,0
11.06,1
11.07,1
11.08,0
11.09,1
11.1,1
11.11,1
11.12,0
11.13,1
11.14,0
11.15,1
11.16,1
11.17,0
11.18,1
11.19,1
11.2,1
11.21,0
11.22,1
11.23,0
11.24,1
11.25,0
11.26,1
11.27,3
11.28,4
11.29,2
11.3,5
11.31,2
11.32,2
11.33,1
11.34,4
11.35,1
11.36,1
11.37,1
11.38,0
11.39,1
11.4,0
11.41,0
11.42,1
11.43,1
11.44,1
11.45,0
11.46,1
11.47,1
11.48,0
11.49,1
11.5,1
11.51,0
11.52,1
11.53,0
11.54,1
11.55,1
11.56,1
11.57,0
11.58,1
11.59,1
11.6,0
11.61,1
11.62,1
11.63,0
11.64,1
11.65,1
11.66,1
11.67,0
11.68,1
11.69,1
11.7,0
11.71,1
11.72,1
11.73,1
11.74,0
11.75,0
11.76,1
11.77,1
11.78,0
11.79,1
11.8,0
11.81,1
11.82,1
11.83,0
11.84,1
11.85,1
11.86,0
11.87,1
11.88,0
11.89,1
11.9,1
11.91,1
11.92,0
11.93,1
11.94,0
11.95,1
11.96,0
11.97,1
11.98,1
11.99,0
12,1
12.01,1
12.02,1
12.03,0
12.04,1
12.05,0
12.06,1
12.07,0
12.08,1
12.09,0
12.1,1
12.11,0
12.12,1
12.13,1
12.14,0
12.15,1
12.16,1
12.17,0
12.18,1
12.19,0
12.2,1
12.21,1
12.22,0
12.23,1
12.24,0
12.25,1
12.26,0
12.27,0
12.28,0
12.29,0
12.3,0
12.31,0
12.32,0
12.33,1
12.34,0
12.35,1
12.36,0
12.37,1
12.38,1
12.39,0
12.4,1
12.41,1
12.42,0
12.43,1
12.44,1
12.45,0
12.46,1
12.47,1
12.48,1
12.49,0
12.5,1
12.51,1
12.52,0
12.53,1
12.54,1
12.55,1
12.56,0
12.57,1
12.58,0
12.59,2
12.6,1
12.61,1
12.62,1
12.63,1
12.64,0
12.65,0
12.66,0
12.67,0
12.68,0
12.69,0
12.7,0
12.71,0
12.72,0
12.73,0
12.74,3
12.75,2
12.76,0
12.77,0
12.78,0
12.79,0
12.8,0
12.81,0
12.82,0
12.83,0
12.84,0
12.85,2
12.86,1
12.87,2
12.88,1
12.89,2
12.9,0
12.91,0
12.92,0
12.93,0
12.94,0
12.95,0
12.96,0
12.97,0
12.98,0
12.99,1
13,0
13.01,1
13.02,1
13.03,1
13.04,0
13.05,1
13.06,1
13.07,0
13.08,0
13.09,0
13.1,0
13.11,0
13.12,0
13.13,0
13.14,0
13.15,0
13.16,1
13.17,1
13.18,1
13.19,1
13.2,1
13.21,0
13.22,0
13.23,0
13.24,0
13.25,0
13.26,0
13.27,0
13.28,0
13.29,1
13.3,1
13.31,0
13.32,1
13.33,1
13.34,0
13.35,0
13.36,0
13.37,0
13.38,0
13.39,0
13.4,0
13.41,0
13.42,1
13.43,1
13.44,0
13.45,1
13.46,1
13.47,0
13.48,0
13.49,0
13.5,0
13.51,0
13.52,0
13.53,0
13.54,0
13.55,0
13.56,0
13.57,1
13.58,1
13.59,0
13.6,1
13.61,0
13.62,0
13.63,0
13.64,0
13.65,0
13.66,0
13.67,0
13.68,0
13.69,0
13.7,0
13.71,0
13.72,0
13.73,2
13.74,2
13.75,1
13.76,1
13.77,1
13.78,0
13.79,0
13.8,0
13.81,0
13.82,0
13.83,0
13.84,0
13.85,0
13.86,0
13.87,0
13.88,0
13.89,0
13.9,2
13.91,0
13.92,1
13.93,0
13.94,1
13.95,0
13.96,0
13.97,0
13.98,0
13.99,0
14,0
14.01,0
14.02,0
14.03,0
14.04,0
14.05,0
14.06,0
14.07,0
14.08,1
14.09,1
14.1,0
14.11,1
14.12,0
14.13,0
14.14,0
14.15,0
14.16,0
14.17,0
14.18,0
14.19,0
14.2,0
14.21,0
14.22,0
14.23,0
14.24,0
14.25,0
14.26,0
14.27,0
14.28,1
14.29,0
14.3,0
14.31,0
14.32,0
14.33,0
14.34,0
14.35,0
14.36,0
14.37,0
14.38,0
14.39,0
14.4,0
14.41,0
14.42,0
14.43,1
14.44,1
14.45,0
14.46,1
14.47,0
14.48,0
14.49,0
14.5,0
14.51,0
14.52,0
14.53,0
14.54,0
14.55,0
14.56,0
14.57,0
14.58,0
14.59,0
14.6,1
14.61,1
14.62,0
14.63,1
14.64,0
14.65,0
14.66,0
14.67,0
14.68,0
14.69,0
14.7,0
14.71,0
14.72,0
14.73,0
14.74,0
14.75,0
14.76,0
14.77,1
14.78,1
14.79,0
14.8,1
14.81,0
14.82,0
14.83,0
14.84,0
14.85,0
14.86,0
14.87,0
14.88,0
14.89,0
14.9,0
14.91,0
14.92,0
14.93,0
14.94,1
14.95,0
14.96,1
14.97,0
14.98,0
14.99,0
15,0
15.01,0
15.02,0
15.03,0
15.04,0
15.05,0
15.06,0
15.07,0
15.08,0
15.09,0
15.1,0
15.11,1
15.12,1
15.13,0
15.14,1
15.15,0
15.16,0
15.17,0
15.18,0
15.19,0
15.2,0
15.21,0
15.22,0
15.23,0
15.24,0
15.25,0
15.26,0
15.27,0
15.28,0
15.29,2
15.3,1
15.31,1
15.32,1
15.33,0
15.34,0
15.35,0
15.36,0
15.37,0
15.38,0
15.39,0
15.4,0
15.41,0
15.42,0
15.43,0
15.44,0
15.45,0
15.46,1
15.47,1
15.48,1
15.49,0
15.5,0
15.51,0
15.52,0
15.53,0
15.54,0
15.55,0
15.56,0
15.57,0
15.58,0
15.59,0
15.6,0
15.61,0
15.62,0
15.63,25
15.64,12
15.65,2
15.66,2
15.67,1
15.68,0
15.69,0
15.7,0
15.71,0
15.72,0
15.73,0
15.74,0
15.75,0
15.76,0
15.77,0
15.78,0
15.79,5
15.8,9
15.81,1
15.82,2
15.83,1
15.84,1
15.85,0
15.86,0
15.87,0
15.88,0
15.89,0
15.9,0
15.91,0
15.92,0
15.93,0
15.94,0
15.95,0
15.96,0
15.97,19
15.98,6
15.99,2
16,0
16.01,2
16.02,0
16.03,0
16.04,0
16.05,0
16.06,0
16.07,0
16.08,0
16.09,0
16.1,0
16.11,0
16.12,0
16.13,0
16.14,10
16.15,14
16.16,2
16.17,0
16.18,1
16.19,0
16.2,0
16.21,0
16.22,0
16.23,0
16.24,0
16.25,0
16.26,0
16.27,0
16.28,0
16.29,0
16.3,0
16.31,0
16.32,9
16.33,1
16.34,2
16.35,1
16.36,0
16.37,0
16.38,0
16.39,0
16.4,0
16.41,0
16.42,0
16.43,0
16.44,0
16.45,8
16.46,4
16.47,2
16.48,3
16.49,1
16.5,0
16.51,0
16.52,0
16.53,0
16.54,0
16.55,0
16.56,0
16.57,0
16.58,0
16.59,16
16.6,7
16.61,3
16.62,2
16.63,0
16.64,0
16.65,0
16.66,0
16.67,0
16.68,4
16.69,0
16.7,15
16.71,3
16.72,2
16.73,0
16.74,3
16.75,1
16.76,0
16.77,1
16.78,0
16.79,0
16.8,1
16.81,1
16.82,1
16.83,2
16.84,1
16.85,1
16.86,1
16.87,1
16.88,1
16.89,0
16.9,1
16.91,1
16.92,1
16.93,0
16.94,1
16.95,1
16.96,1
16.97,1
16.98,1
16.99,1
17,1
17.01,1
17.02,1
17.03,1
17.04,1
17.05,1
17.06,1
17.07,1
17.08,1
17.09,1
17.1,1
17.11,1
17.12,3
17.13,0
17.14,3
17.15,2
17.16,2
17.17,2
17.18,2
17.19,0
17.2,2
17.21,1
17.22,1
17.23,1
17.24,0
17.25,1
17.26,2
17.27,1
17.28,1
17.29,1
17.3,1
17.31,1
17.32,2
17.33,0
17.34,1
17.35,1
17.36,2
17.37,1
17.38,1
17.39,1
17.4,1
17.41,0
17.42,1
17.43,1
17.44,1
17.45,0
17.46,2
17.47,0
17.48,1
17.49,1
17.5,1
17.51,0
17.52,1
17.53,1
17.54,1
17.55,1
17.56,1
17.57,1
17.58,1
17.59,1
17.6,1
17.61,1
17.62,0
17.63,1
17.64,1
17.65,1
17.66,0
17.67,1
17.68,1
17.69,0
17.7,1
17.71,0
17.72,0
17.73,0
17.74,0
17.75,0
17.76,0
17.77,0
17.78,0
17.79,1
17.8,1
17.81,1
17.82,0
17.83,0
17.84,1
17.85,0
17.86,1
17.87,2
17.88,2
17.89,2
17.9,1
17.91,2
17.92,1
17.93,1
17.94,3
17.95,1
17.96,2
17.97,2
17.98,2
17.99,1
18,2
18.01,1
18.02,1
18.03,2
18.04,1
18.05,1
18.06,1
18.07,1
18.08,2
18.09,1
18.1,1
18.11,2
18.12,2
18.13,0
18.14,12
18.15,15
18.16,22
18.17,3
18.18,1
18.19,1
18.2,2
18.21,1
18.22,2
18.23,1
18.24,2
18.25,2
18.26,2
18.27,1
18.28,2
18.29,2
18.3,1
18.31,0
18.32,3
18.33,3
18.34,1
18.35,1
18.36,1
18.37,2
18.38,2
18.39,1
18.4,1
18.41,2
18.42,1
18.43,0
18.44,0
18.45,0
18.46,0
18.47,0
18.48,1
18.49,0
18.5,1
18.51,1
18.52,1
18.53,1
18.54,1
18.55,1
18.56,2
18.57,1
18.58,0
18.59,0
18.6,0
18.61,0
18.62,8
18.63,1
18.64,2
18.65,2
18.66,2
18.67,5
18.68,4
18.69,3
18.7,1
18.71,2
18.72,2
18.73,2
18.74,2
18.75,3
18.76,1
18.77,2
18.78,1
18.79,2
18.8,2
18.81,3
18.82,4
18.83,2
18.84,1
18.85,4
18.86,2
18.87,1
18.88,0
18.89,0
18.9,0
18.91,0
18.92,6
18.93,2
18.94,1
18.95,2
18.96,2
18.97,0
18.98,0
18.99,0
19,1
19.01,1
19.02,1
19.03,2
19.04,1
19.05,1
19.06,2
19.07,2
19.08,1
19.09,1
19.1,2
19.11,1
19.12,1
19.13,1
19.14,2
19.15,5
19.16,2
19.17,0
19.18,3
19.19,1
19.2,2
19.21,1
19.22,2
19.23,1
19.24,2
19.25,2
19.26,2
19.27,1
19.28,1
19.29,2
19.3,1
19.31,2
19.32,2
19.33,1
19.34,0
19.35,0
19.36,0
19.37,0
19.38,0
19.39,0
19.4,1
19.41,0
19.42,1
19.43,1
19.44,1
19.45,1
19.46,1
19.47,1
19.48,1
19.49,2
19.5,1
19.51,2
19.52,1
19.53,2
19.54,2
19.55,0
19.56,3
19.57,2
19.58,0
19.59,1
19.6,3
19.61,1
19.62,1
19.63,2
19.64,3
19.65,3
19.66,1
19.67,1
19.68,1
19.69,1
19.7,2
19.71,2
19.72,1
19.73,1
19.74,2
19.75,2
19.76,1
19.77,2
19.78,2
19.79,2
19.8,1
19.81,3
19.82,2
19.83,1
19.84,4
19.85,1
19.86,1
19.87,1
19.88,2
19.89,0
19.9,0
19.91,0
19.92,1
19.93,0
19.94,1
19.95,1
19.96,0
19.97,1
19.98,1
19.99,1
20,0
20.01,1
20.02,1
20.03,0
20.04,1
20.05,1
20.06,0
20.07,1
20.08,0
20.09,1
20.1,1
20.11,0
20.12,1
20.13,0
20.14,1
20.15,1
20.16,1
20.17,0
20.18,1
20.19,1
20.2,0
20.21,1
20.22,0
20.23,1
20.24,0
20.25,1
20.26,1
20.27,1
20.28,0
20.29,1
20.3,1
20.31,1
20.32,3
20.33,1
20.34,1
20.35,1
20.36,1
20.37,1
20.38,1
20.39,1
20.4,3
20.41,3
20.42,1
20.43,3
20.44,2
20.45,1
20.46,2
20.47,2
20.48,1
20.49,1
20.5,1
20.51,1
20.52,1
20.53,1
20.54,1
20.55,1
20.56,1
20.57,1
20.58,0
20.59,1
20.6,2
20.61,1
20.62,1
20.63,4
20.64,2
20.65,2
20.66,1
20.67,3
20.68,2
20.69,1
20.7,2
20.71,1
20.72,3
20.73,2
20.74,9
20.75,17
20.76,5
20.77,7
20.78,2
20.79,2
20.8,2
20.81,3
20.82,1
20.83,3
20.84,1
20.85,3
20.86,1
20.87,3
20.88,1
20.89,3
20.9,2
20.91,3
20.92,0
20.93,2
20.94,3
20.95,1
20.96,1
20.97,0
20.98,0
20.99,1
21,1
21.01,1
21.02,1
21.03,1
21.04,1
21.05,1
21.06,2
21.07,0
21.08,0
21.09,0
21.1,1
21.11,1
21.12,1
21.13,1
21.14,1
21.15,2
21.16,1
21.17,2
21.18,1
21.19,1
21.2,2
21.21,1
21.22,1
21.23,1
21.24,1
21.25,4
21.26,0
21.27,1
21.28,3
21.29,3
21.3,4
21.31,1
21.32,5
21.33,4
21.34,3
21.35,2
21.36,4
21.37,2
21.38,4
21.39,0
21.4,2
21.41,3
21.42,0
21.43,2
21.44,2
21.45,2
21.46,2
21.47,0
21.48,0
21.49,1
21.5,0
21.51,1
21.52,0
21.53,1
21.54,1
21.55,1
21.56,0
21.57,2
21.58,1
21.59,2
21.6,1
21.61,1
21.62,2
21.63,1
21.64,2
21.65,3
21.66,2
21.67,1
21.68,3
21.69,1
21.7,2
21.71,3
21.72,2
21.73,1
21.74,2
21.75,3
21.76,2
21.77,0
21.78,0
21.79,5
21.8,2
21.81,2
21.82,1
21.83,1
21.84,2
21.85,0
21.86,4
21.87,2
21.88,2
21.89,1
21.9,3
21.91,1
21.92,1
21.93,3
21.94,1
21.95,2
21.96,2
21.97,2
21.98,2
21.99,1
22,0
22.01,0
22.02,1
22.03,1
22.04,0
22.05,1
22.06,0
22.07,1
22.08,1
22.09,0
22.1,1
22.11,1
22.12,0
22.13,1
22.14,0
22.15,1
22.16,1
22.17,0
22.18,1
22.19,4
22.2,8
22.21,1
22.22,1
22.23,1
22.24,0
22.25,5
22.26,1
22.27,1
22.28,1
22.29,0
22.3,1
22.31,5
22.32,2
22.33,1
22.34,2
22.35,2
22.36,1
22.37,1
22.38,1
22.39,3
22.4,1
22.41,5
22.42,2
22.43,1
22.44,3
22.45,2
22.46,2
22.47,3
22.48,2
22.49,2
22.5,1
22.51,5
22.52,3
22.53,1
22.54,0
22.55,1
22.56,1
22.57,1
22.58,1
22.59,1
22.6,1
22.61,2
22.62,0
22.63,0
22.64,0
22.65,0
22.66,0
22.67,1
22.68,0
22.69,1
22.7,1
22.71,1
22.72,1
22.73,1
22.74,1
22.75,2
22.76,1
22.77,2
22.78,1
22.79,2
22.8,2
22.81,3
22.82,2
22.83,1
22.84,3
22.85,1
22.86,1
22.87,2
22.88,2
22.89,2
22.9,1
22.91,1
22.92,1
22.93,2
22.94,4
22.95,2
22.96,1
22.97,1
22.98,0
22.99,1
23,3
23.01,1
23.02,1
23.03,1
23.04,1
23.05,1
23.06,1
23.07,2
23.08,1
23.09,1
23.1,2
23.11,2
23.12,1
23.13,1
23.14,1
23.15,2
23.16,2
23.17,1
23.18,1
23.19,0
23.2,1
23.21,1
23.22,0
23.23,1
23.24,0
23.25,1
23.26,0
23.27,1
23.28,1
23.29,1
23.3,0
23.31,1
23.32,0
23.33,1
23.34,1
23.35,0
23.36,0
23.37,0
23.38,0
23.39,1
23.4,0
23.41,1
23.42,1
23.43,0
23.44,1
23.45,1
23.46,0
23.47,1
23.48,1
23.49,1
23.5,0
23.51,1
23.52,1
23.53,0
23.54,1
23.55,1
23.56,1
23.57,0
23.58,2
23.59,1
23.6,2
23.61,2
23.62,0
23.63,1
23.64,2
23.65,0
23.66,2
23.67,1
23.68,1
23.69,1
23.7,1
23.71,1
23.72,1
23.73,0
23.74,1
23.75,3
23.76,2
23.77,1
23.78,3
23.79,2
23.8,0
23.81,1
23.82,1
23.83,1
23.84,1
23.85,2
23.86,1
23.87,1
23.88,2
23.89,3
23.9,1
23.91,0
23.92,1
23.93,1
23.94,1
23.95,1
23.96,0
23.97,2
23.98,0
23.99,0
24,1
24.01,0
24.02,1
24.03,0
24.04,1
24.05,1
24.06,0
24.07,1
24.08,1
24.09,0
24.1,1
24.11,0
24.12,1
24.13,0
24.14,1
24.15,1
24.16,1
24.17,0
24.18,1
24.19,1
24.2,3
24.21,0
24.22,2
24.23,2
24.24,0
24.25,1
24.26,3
24.27,1
24.28,4
24.29,1
24.3,3
24.31,1
24.32,1
24.33,1
24.34,2
24.35,0
24.36,1
24.37,1
24.38,1
24.39,2
24.4,1
24.41,1
24.42,2
24.43,1
24.44,2
24.45,1
24.46,1
24.47,3
24.48,3
24.49,2
24.5,2
24.51,1
24.52,0
24.53,1
24.54,0
24.55,1
24.56,17
24.57,22
24.58,20
24.59,17
24.6,0
24.61,0
24.62,0
24.63,1
24.64,0
24.65,1
24.66,1
24.67,1
24.68,1
24.69,0
24.7,2
24.71,1
24.72,2
24.73,1
24.74,2
24.75,1
24.76,0
24.77,1
24.78,1
24.79,2
24.8,2
24.81,1
24.82,2
24.83,2
24.84,1
24.85,1
24.86,3
24.87,3
24.88,2
24.89,5
24.9,2
24.91,1
24.92,2
24.93,2
24.94,2
24.95,0
24.96,2
24.97,2
24.98,1
24.99,3
25,1
25.01,0
25.02,0
25.03,0
25.04,0
25.05,1
25.06,0
25.07,1
25.08,1
25.09,0
25.1,1
25.11,1
25.12,1
25.13,2
25.14,0
25.15,0
25.16,0
25.17,1
25.18,1
25.19,1
25.2,1
25.21,1
25.22,1
25.23,1
25.24,1
25.25,3
25.26,1
25.27,2
25.28,2
25.29,1
25.3,3
25.31,1
25.32,1
25.33,1
25.34,2
25.35,2
25.36,2
25.37,0
25.38,2
25.39,2
25.4,3
25.41,3
25.42,1
25.43,3
25.44,2
25.45,1
25.46,2
25.47,1
25.48,3
25.49,2
25.5,2
25.51,1
25.52,2
25.53,4
25.54,4
25.55,2
25.56,3
25.57,2
25.58,2
25.59,1
25.6,4
25.61,3
25.62,2
25.63,3
25.64,1
25.65,2
25.66,2
25.67,2
25.68,1
25.69,2
25.7,1
25.71,1
25.72,2
25.73,2
25.74,2
25.75,1
25.76,3
25.77,1
25.78,3
25.79,0
25.8,0
25.81,0
25.82,1
25.83,1
25.84,1
25.85,1
25.86,0
25.87,1
25.88,1
25.89,0
25.9,1
25.91,1
25.92,1
25.93,0
25.94,1
25.95,1
25.96,1
25.97,0
25.98,1
25.99,1
26,1
26.01,1
26.02,1
26.03,1
26.04,1
26.05,1
26.06,2
26.07,0
26.08,1
26.09,1
26.1,1
26.11,1
26.12,1
26.13,1
26.14,1
26.15,1
26.16,1
26.17,1
26.18,1
26.19,1
26.2,1
26.21,1
26.22,1
26.23,1
26.24,0
26.25,1
26.26,3
26.27,1
26.28,2
26.29,3
26.3,1
26.31,2
26.32,1
26.33,1
26.34,1
26.35,1
26.36,1
26.37,1
26.38,2
26.39,1
26.4,1
26.41,1
26.42,1
26.43,1
26.44,1
26.45,1
26.46,1
26.47,1
26.48,1
26.49,1
26.5,1
26.51,1
26.52,0
26.53,1
26.54,1
26.55,0
26.56,1
26.57,1
26.58,0
26.59,1
26.6,1
26.61,0
26.62,1
26.63,1
26.64,1
26.65,0
26.66,1
26.67,1
26.68,1
26.69,0
26.7,1
26.71,1
26.72,0
26.73,1
26.74,0
26.75,1
26.76,1
26.77,1
26.78,2
26.79,0
26.8,0
26.81,1
26.82,2
26.83,1
26.84,0
26.85,1
26.86,5
26.87,25
26.88,25
26.89,12
26.9,1
26.91,1
26.92,3
26.93,0
26.94,3
26.95,3
26.96,1
26.97,3
26.98,4
26.99,4
27,1
27.01,2
27.02,2
27.03,2
27.04,1
27.05,3
27.06,2
27.07,1
27.08,2
27.09,2
27.1,2
27.11,3
27.12,3
27.13,3
27.14,2
27.15,2
27.16,1
27.17,0
27.18,1
27.19,3
27.2,2
27.21,1
27.22,2
27.23,1
27.24,1
27.25,1
27.26,0
27.27,1
27.28,0
27.29,1
27.3,1
27.31,1
27.32,1
27.33,1
27.34,1
27.35,1
27.36,2
27.37,2
27.38,0
27.39,1
27.4,1
27.41,1
27.42,1
27.43,2
27.44,1
27.45,2
27.46,2
27.47,2
27.48,3
27.49,1
27.5,3
27.51,1
27.52,2
27.53,2
27.54,2
27.55,2
27.56,1
27.57,3
27.58,1
27.59,2
27.6,2
27.61,2
27.62,2
27.63,2
27.64,2
27.65,1
27.66,2
27.67,2
27.68,1
27.69,2
27.7,1
27.71,1
27.72,3
27.73,1
27.74,3
27.75,2
27.76,1
27.77,2
27.78,1
27.79,1
27.8,1
27.81,1
27.82,1
27.83,1
27.84,2
27.85,1
27.86,2
27.87,1
27.88,2
27.89,1
27.9,1
27.91,1
27.92,1
27.93,2
27.94,1
27.95,2
27.96,2
27.97,2
27.98,1
27.99,2
28,2
28.01,2
28.02,2
28.03,3
28.04,3
28.05,1
28.06,2
28.07,1
28.08,2
28.09,2
28.1,1
28.11,1
28.12,2
28.13,3
28.14,2
28.15,1
28.16,2
28.17,1
28.18,2
28.19,1
28.2,3
28.21,1
28.22,2
28.23,1
28.24,2
28.25,2
28.26,1
28.27,2
28.28,1
28.29,0
28.3,1
28.31,0
28.32,1
28.33,1
28.34,1
28.35,1
28.36,2
28.37,1
28.38,2
28.39,2
28.4,0
28.41,2
28.42,2
28.43,1
28.44,3
28.45,2
28.46,2
28.47,2
28.48,2
28.49,2
28.5,0
28.51,1
28.52,0
28.53,1
28.54,1
28.55,1
28.56,1
28.57,1
28.58,4
28.59,2
28.6,0
28.61,0
28.62,3
28.63,2
28.64,5
28.65,3
28.66,3
28.67,2
28.68,2
28.69,3
28.7,2
28.71,5
28.72,2
28.73,1
28.74,3
28.75,2
28.76,3
28.77,0
28.78,1
28.79,0
28.8,0
28.81,0
28.82,0
28.83,1
28.84,1
28.85,0
28.86,1
28.87,1
28.88,0
28.89,1
28.9,0
28.91,1
28.92,0
28.93,0
28.94,1
28.95,1
28.96,1
28.97,0
28.98,1
28.99,0
29,1
29.01,1
29.02,1
29.03,0
29.04,1
29.05,1
29.06,1
29.07,1
29.08,0
29.09,1
29.1,1
29.11,1
29.12,2
29.13,1
29.14,1
29.15,0
29.16,1
29.17,1
29.18,1
29.19,1
29.2,0
29.21,1
29.22,1
29.23,1
29.24,0
29.25,1
29.26,1
29.27,0
29.28,1
29.29,1
29.3,1
29.31,1
29.32,3
29.33,3
29.34,1
29.35,1
29.36,1
29.37,4
29.38,0
29.39,2
29.4,2
29.41,2
29.42,1
29.43,0
29.44,1
29.45,1
29.46,2
29.47,1
29.48,1
29.49,1
29.5,1
29.51,2
29.52,0
29.53,1
29.54,1
29.55,1
29.56,1
29.57,2
29.58,1
29.59,1
29.6,1
29.61,2
29.62,0
29.63,1
29.64,2
29.65,0
29.66,1
29.67,0
29.68,1
29.69,1
29.7,1
29.71,0
29.72,1
29.73,1
29.74,0
29.75,1
29.76,0
29.77,1
29.78,0
29.79,1
29.8,1
29.81,0
29.82,1
29.83,1
29.84,1
29.85,1
29.86,0
29.87,2
29.88,1
29.89,2
29.9,0
29.91,1
29.92,2
29.93,0
29.94,1
29.95,1
29.96,0
29.97,1
29.98,0
29.99,1
30,0
30.01,2
30.02,0
30.03,2
30.04,1
30.05,1
30.06,0
30.07,0
30.08,1
30.09,4
30.1,1
30.11,1
30.12,3
30.13,3
30.14,1
30.15,29
30.16,28
30.17,1
30.18,4
30.19,6
30.2,1
30.21,3
30.22,4
30.23,2
30.24,0
30.25,3
30.26,1
30.27,2
30.28,2
30.29,1
30.3,1
30.31,2
30.32,2
30.33,1
30.34,1
30.35,2
30.36,1
30.37,0
30.38,0
30.39,0
30.4,1
30.41,0
30.42,1
30.43,0
30.44,1
30.45,1
30.46,1
30.47,2
30.48,1
30.49,1
30.5,2
30.51,1
30.52,1
30.53,1
30.54,0
30.55,0
30.56,0
30.57,1
30.58,0
30.59,1
30.6,1
30.61,1
30.62,1
30.63,2
30.64,1
30.65,2
30.66,1
30.67,2
30.68,2
30.69,2
30.7,1
30.71,3
30.72,1
30.73,1
30.74,2
30.75,1
30.76,1
30.77,4
30.78,2
30.79,1
30.8,3
30.81,1
30.82,1
30.83,3
30.84,1
30.85,1
30.86,2
30.87,2
30.88,1
30.89,1
30.9,2
30.91,2
30.92,3
30.93,1
30.94,1
30.95,1
30.96,1
30.97,2
30.98,1
30.99,1
31,2
31.01,2
31.02,1
31.03,1
31.04,0
31.05,0
31.06,0
31.07,2
31.08,1
31.09,1
31.1,1
31.11,1
31.12,2
31.13,1
31.14,2
31.15,2
31.16,1
31.17,2
31.18,1
31.19,2
31.2,2
31.21,2
31.22,1
31.23,1
31.24,4
31.25,3
31.26,1
31.27,1
31.28,3
31.29,3
31.3,1
31.31,1
31.32,0
31.33,2
31.34,2
31.35,2
31.36,1
31.37,2
31.38,2
31.39,1
31.4,2
31.41,2
31.42,1
31.43,1
31.44,2
31.45,1
31.46,0
31.47,1
31.48,1
31.49,1
31.5,1
31.51,1
31.52,1
31.53,2
31.54,1
31.55,2
31.56,1
31.57,2
31.58,2
31.59,1
31.6,1
31.61,1
31.62,1
31.63,1
31.64,2
31.65,1
31.66,1
31.67,2
31.68,1
31.69,1
31.7,1
31.71,1
31.72,3
31.73,4
31.74,1
31.75,2
31.76,2
31.77,1
31.78,2
31.79,1
31.8,1
31.81,1
31.82,0
31.83,3
31.84,2
31.85,1
31.86,1
31.87,1
31.88,2
31.89,3
31.9,2
31.91,0
31.92,0
31.93,2
31.94,1
31.95,0
31.96,0
31.97,0
31.98,1
31.99,1
32,1
32.01,2
32.02,0
32.03,2
32.04,0
32.05,2
32.06,2
32.07,2
32.08,0
32.09,2
32.1,2
32.11,0
32.12,2
32.13,2
32.14,0
32.15,1
32.16,1
32.17,1
32.18,1
32.19,1
32.2,1
32.21,0
32.22,2
32.23,0
32.24,0
32.25,1
32.26,1
32.27,1
32.28,1
32.29,1
32.3,1
32.31,1
32.32,1
32.33,1
32.34,1
32.35,1
32.36,1
32.37,1
32.38,1
32.39,1
32.4,2
32.41,1
32.42,1
32.43,3
32.44,1
32.45,1
32.46,1
32.47,0
32.48,1
32.49,1
32.5,1
32.51,1
32.52,1
32.53,1
32.54,0
32.55,2
32.56,1
32.57,1
32.58,0
32.59,1
32.6,1
32.61,1
32.62,1
32.63,1
32.64,1
32.65,1
32.66,2
32.67,1
32.68,1
32.69,1
32.7,3
32.71,1
32.72,1
32.73,1
32.74,0
32.75,2
32.76,2
32.77,0
32.78,1
32.79,1
32.8,2
32.81,1
32.82,1
32.83,2
32.84,0
32.85,2
32.86,0
32.87,2
32.88,2
32.89,0
32.9,2
32.91,2
32.92,1
32.93,1
32.94,2
32.95,1
32.96,1
32.97,0
32.98,1
32.99,1
33,1
33.01,1
33.02,2
33.03,1
33.04,2
33.05,2
33.06,1
33.07,1
33.08,1
33.09,1
33.1,1
33.11,1
33.12,1
33.13,1
33.14,1
33.15,1
33.16,1
33.17,1
33.18,0
33.19,1
33.2,1
33.21,1
33.22,2
33.23,1
33.24,0
33.25,2
33.26,1
33.27,2
33.28,0
33.29,1
33.3,20
33.31,25
33.32,4
33.33,3
33.34,3
33.35,3
33.36,2
33.37,2
33.38,2
33.39,3
33.4,2
33.41,1
33.42,1
33.43,1
33.44,2
33.45,1
33.46,2
33.47,2
33.48,1
33.49,0
33.5,0
33.51,0
33.52,0
33.53,0
33.54,0
33.55,0
33.56,0
33.57,0
33.58,0
33.59,1
33.6,0
33.61,1
33.62,0
33.63,1
33.64,0
33.65,0
33.66,0
33.67,0
33.68,1
33.69,0
33.7,1
33.71,1
33.72,1
33.73,1
33.74,1
33.75,1
33.76,1
33.77,2
33.78,1
33.79,2
33.8,1
33.81,3
33.82,2
33.83,4
33.84,3
33.85,1
33.86,2
33.87,2
33.88,2
33.89,3
33.9,2
33.91,3
33.92,2
33.93,2
33.94,4
33.95,3
33.96,0
33.97,1
33.98,1
33.99,7
34,2
34.01,0
34.02,0
34.03,3
34.04,6
34.05,2
34.06,0
34.07,0
34.08,1
34.09,0
34.1,1
34.11,1
34.12,1
34.13,0
34.14,2
34.15,1
34.16,1
34.17,2
34.18,1
34.19,2
34.2,2
34.21,2
34.22,2
34.23,1
34.24,0
34.25,3
34.26,3
34.27,1
34.28,2
34.29,2
34.3,2
34.31,2
34.32,2
34.33,1
34.34,2
34.35,2
34.36,1
34.37,2
34.38,1
34.39,2
34.4,2
34.41,2
34.42,2
34.43,1
34.44,2
34.45,2
34.46,2
34.47,1
34.48,1
34.49,2
34.5,2
34.51,2
34.52,2
34.53,1
34.54,2
34.55,0
34.56,0
34.57,0
34.58,0
34.59,0
34.6,0
34.61,1
34.62,0
34.63,1
34.64,1
34.65,1
34.66,1
34.67,1
34.68,1
34.69,1
34.7,1
34.71,1
34.72,2
34.73,1
34.74,2
34.75,2
34.76,2
34.77,4
34.78,1
34.79,1
34.8,2
34.81,1
34.82,3
34.83,2
34.84,2
34.85,1
34.86,1
34.87,1
34.88,3
34.89,2
34.9,4
34.91,2
34.92,1
34.93,1
34.94,1
34.95,1
34.96,1
34.97,2
34.98,0
34.99,3
35,2
35.01,3
35.02,1
35.03,2
35.04,1
35.05,2
35.06,1
35.07,1
35.08,0
35.09,1
35.1,1
35.11,0
35.12,1
35.13,1
35.14,0
35.15,1
35.16,1
35.17,1
35.18,0
35.19,1
35.2,0
35.21,1
35.22,1
35.23,0
35.24,1
35.25,0
35.26,1
35.27,1
35.28,1
35.29,1
35.3,0
35.31,2
35.32,3
35.33,4
35.34,2
35.35,1
35.36,1
35.37,1
35.38,1
35.39,1
35.4,1
35.41,1
35.42,1
35.43,1
35.44,1
35.45,2
35.46,2
35.47,3
35.48,2
35.49,0
35.5,1
35.51,1
35.52,1
35.53,0
35.54,1
35.55,1
35.56,0
35.57,1
35.58,1
35.59,1
35.6,1
35.61,1
35.62,1
35.63,1
35.64,0
35.65,2
35.66,1
35.67,1
35.68,1
35.69,1
35.7,1
35.71,3
35.72,2
35.73,0
35.74,2
35.75,0
35.76,1
35.77,2
35.78,3
35.79,3
35.8,1
35.81,1
35.82,3
35.83,2
35.84,0
35.85,1
35.86,2
35.87,1
35.88,2
35.89,2
35.9,0
35.91,1
35.92,1
35.93,11
35.94,9
35.95,2
35.96,15
35.97,12
35.98,4
35.99,0
36,3
36.01,3
36.02,1
36.03,2
36.04,2
36.05,1
36.06,2
36.07,2
36.08,1
36.09,2
36.1,2
36.11,1
36.12,3
36.13,1
36.14,4
36.15,1
36.16,2
36.17,3
36.18,1
36.19,1
36.2,1
36.21,1
36.22,2
36.23,1
36.24,1
36.25,2
36.26,0
36.27,0
36.28,0
36.29,0
36.3,1
36.31,0
36.32,1
36.33,1
36.34,1
36.35,1
36.36,1
36.37,2
36.38,1
36.39,2
36.4,1
36.41,2
36.42,1
36.43,1
36.44,2
36.45,1
36.46,1
36.47,2
36.48,1
36.49,2
36.5,2
36.51,2
36.52,2
36.53,5
36.54,2
36.55,4
36.56,1
36.57,2
36.58,1
36.59,4
36.6,2
36.61,2
36.62,3
36.63,1
36.64,3
36.65,0
36.66,2
36.67,2
36.68,2
36.69,0
36.7,1
36.71,0
36.72,1
36.73,0
36.74,1
36.75,0
36.76,1
36.77,1
36.78,0
36.79,0
36.8,0
36.81,0
36.82,1
36.83,0
36.84,1
36.85,0
36.86,1
36.87,1
36.88,1
36.89,1
36.9,1
36.91,2
36.92,1
36.93,1
36.94,1
36.95,1
36.96,1
36.97,2
36.98,5
36.99,2
37,3
37.01,2
37.02,1
37.03,2
37.04,1
37.05,2
37.06,1
37.07,3
37.08,2
37.09,1
37.1,2
37.11,1
37.12,2
37.13,2
37.14,2
37.15,2
37.16,1
37.17,3
37.18,3
37.19,2
37.2,2
37.21,3
37.22,0
37.23,1
37.24,1
37.25,0
37.26,1
37.27,1
37.28,1
37.29,1
37.3,0
37.31,0
37.32,0
37.33,0
37.34,0
37.35,1
37.36,0
37.37,1
37.38,1
37.39,0
37.4,1
37.41,1
37.42,2
37.43,1
37.44,1
37.45,2
37.46,1
37.47,2
37.48,0
37.49,1
37.5,2
37.51,1
37.52,4
37.53,2
37.54,2
37.55,1
37.56,4
37.57,2
37.58,1
37.59,3
37.6,2
37.61,3
37.62,2
37.63,4
37.64,1
37.65,3
37.66,3
37.67,2
37.68,1
37.69,2
37.7,2
37.71,2
37.72,1
37.73,2
37.74,1
37.75,0
37.76,1
37.77,1
37.78,1
37.79,2
37.8,1
37.81,1
37.82,2
37.83,0
37.84,0
37.85,0
37.86,0
37.87,1
37.88,0
37.89,1
37.9,0
37.91,1
37.92,1
37.93,1
37.94,0
37.95,1
37.96,1
37.97,0
37.98,1
37.99,0
38,1
38.01,1
38.02,0
38.03,1
38.04,1
38.05,0
38.06,1
38.07,1
38.08,1
38.09,0
38.1,1
38.11,2
38.12,1
38.13,3
38.14,0
38.15,3
38.16,2
38.17,3
38.18,2
38.19,1
38.2,1
38.21,1
38.22,3
38.23,1
38.24,0
38.25,1
38.26,1
38.27,1
38.28,3
38.29,1
38.3,1
38.31,2
38.32,1
38.33,1
38.34,0
38.35,1
38.36,1
38.37,2
38.38,1
38.39,2
38.4,2
38.41,1
38.42,2
38.43,2
38.44,1
38.45,1
38.46,0
38.47,1
38.48,1
38.49,0
38.5,1
38.51,1
38.52,0
38.53,1
38.54,1
38.55,1
38.56,0
38.57,1
38.58,1
38.59,0
38.6,1
38.61,1
38.62,1
38.63,0
38.64,1
38.65,1
38.66,1
38.67,4
38.68,1
38.69,1
38.7,1
38.71,1
38.72,1
38.73,1
38.74,1
38.75,1
38.76,1
38.77,2
38.78,1
38.79,1
38.8,1
38.81,1
38.82,2
38.83,1
38.84,1
38.85,1
38.86,1
38.87,1
38.88,1
38.89,1
38.9,1
38.91,1
38.92,1
38.93,1
38.94,1
38.95,1
38.96,1
38.97,0
38.98,1
38.99,0
39,1
39.01,1
39.02,0
39.03,1
39.04,2
39.05,1
39.06,1
39.07,3
39.08,1
39.09,1
39.1,1
39.11,1
39.12,1
39.13,1
39.14,1
39.15,10
39.16,27
39.17,14
39.18,2
39.19,1
39.2,1
39.21,2
39.22,2
39.23,1
39.24,1
39.25,4
39.26,3
39.27,1
39.28,2
39.29,1
39.3,2
39.31,2
39.32,1
39.33,3
39.34,0
39.35,1
39.36,1
39.37,1
39.38,2
39.39,1
39.4,1
39.41,2
39.42,0
39.43,0
39.44,1
39.45,0
39.46,1
39.47,1
39.48,1
39.49,2
39.5,1
39.51,1
39.52,2
39.53,2
39.54,2
39.55,0
39.56,2
39.57,2
39.58,2
39.59,1
39.6,0
39.61,3
39.62,3
39.63,2
39.64,1
39.65,3
39.66,4
39.67,1
39.68,2
39.69,3
39.7,2
39.71,1
39.72,2
39.73,2
39.74,2
39.75,2
39.76,1
39.77,2
39.78,2
39.79,2
39.8,1
39.81,5
39.82,2
39.83,0
39.84,1
39.85,1
39.86,2
39.87,1
39.88,2
39.89,1
39.9,2
39.91,1
39.92,2
39.93,2
39.94,1
39.95,1
39.96,2
39.97,1
39.98,2
39.99,1
40,2
40.01,1
40.02,2
40.03,1
40.04,2
40.05,1
40.06,1
40.07,2
40.08,1
40.09,3
40.1,2
40.11,1
40.12,2
40.13,1
40.14,2
40.15,1
40.16,1
40.17,2
40.18,3
40.19,1
40.2,2
40.21,4
40.22,3
40.23,3
40.24,5
40.25,4
40.26,4
40.27,1
40.28,3
40.29,2
40.3,3
40.31,1
40.32,4
40.33,4
40.34,1
40.35,2
40.36,0
40.37,1
40.38,2
40.39,1
40.4,2
40.41,1
40.42,1
40.43,2
40.44,1
40.45,0
40.46,0
40.47,0
40.48,0
40.49,1
40.5,0
40.51,1
40.52,0
40.53,1
40.54,1
40.55,1
40.56,1
40.57,2
40.58,1
40.59,1
40.6,2
40.61,2
40.62,1
40.63,3
40.64,4
40.65,5
40.66,2
40.67,5
40.68,1
40.69,2
40.7,4
40.71,1
40.72,3
40.73,2
40.74,2
40.75,3
40.76,5
40.77,1
40.78,1
40.79,2
40.8,4
40.81,5
40.82,2
40.83,3
40.84,2
40.85,3
40.86,1
40.87,1
40.88,0
40.89,1
40.9,1
40.91,1
40.92,0
40.93,1
40.94,1
40.95,0
40.96,1
40.97,1
40.98,0
40.99,1
41,1
41.01,1
41.02,0
41.03,1
41.04,1
41.05,0
41.06,1
41.07,1
41.08,1
41.09,0
41.1,1
41.11,1
41.12,0
41.13,1
41.14,1
41.15,2
41.16,0
41.17,0
41.18,1
41.19,1
41.2,0
41.21,1
41.22,1
41.23,0
41.24,0
41.25,1
41.26,1
41.27,0
41.28,1
41.29,1
41.3,0
41.31,1
41.32,1
41.33,0
41.34,1
41.35,1
41.36,1
41.37,0
41.38,1
41.39,1
41.4,1
41.41,1
41.42,1
41.43,1
41.44,2
41.45,4
41.46,3
41.47,2
41.48,3
41.49,2
41.5,2
41.51,0
41.52,2
41.53,2
41.54,0
41.55,2
41.56,1
41.57,2
41.58,2
41.59,2
41.6,3
41.61,1
41.62,1
41.63,1
41.64,2
41.65,3
41.66,1
41.67,2
41.68,0
41.69,1
41.7,0
41.71,0
41.72,2
41.73,2
41.74,2
41.75,0
41.76,1
41.77,1
41.78,1
41.79,1
41.8,0
41.81,1
41.82,0
41.83,0
41.84,1
41.85,0
41.86,1
41.87,1
41.88,1
41.89,0
41.9,1
41.91,0
41.92,1
41.93,1
41.94,0
41.95,1
41.96,1
41.97,1
41.98,0
41.99,1
42,0
42.01,3
42.02,2
42.03,4
42.04,1
42.05,1
42.06,2
42.07,3
42.08,1
42.09,1
42.1,2
42.11,3
42.12,0
42.13,1
42.14,1
42.15,0
42.16,1
42.17,1
42.18,1
42.19,2
42.2,0
42.21,1
42.22,1
42.23,0
42.24,0
42.25,0
42.26,0
42.27,2
42.28,2
42.29,0
42.3,1
42.31,0
42.32,2
42.33,1
42.34,1
42.35,16
42.36,28
42.37,20
42.38,3
42.39,3
42.4,2
42.41,2
42.42,2
42.43,2
42.44,3
42.45,0
42.46,1
42.47,1
42.48,0
42.49,1
42.5,2
42.51,1
42.52,1
42.53,2
42.54,1
42.55,2
42.56,1
42.57,2
42.58,2
42.59,1
42.6,2
42.61,2
42.62,2
42.63,2
42.64,1
42.65,1
42.66,2
42.67,1
42.68,3
42.69,3
42.7,3
42.71,1
42.72,2
42.73,4
42.74,3
42.75,2
42.76,1
42.77,2
42.78,1
42.79,3
42.8,0
42.81,1
42.82,2
42.83,2
42.84,1
42.85,2
42.86,1
42.87,3
42.88,1
42.89,1
42.9,2
42.91,1
42.92,2
42.93,1
42.94,0
42.95,0
42.96,0
42.97,0
42.98,0
42.99,1
43,1
43.01,0
43.02,1
43.03,1
43.04,1
43.05,1
43.06,2
43.07,1
43.08,1
43.09,2
43.1,2
43.11,1
43.12,2
43.13,1
43.14,1
43.15,1
43.16,2
43.17,2
43.18,2
43.19,2
43.2,2
43.21,1
43.22,2
43.23,1
43.24,0
43.25,4
43.26,2
43.27,1
43.28,1
43.29,1
43.3,1
43.31,2
43.32,2
43.33,1
43.34,4
43.35,2
43.36,2
43.37,3
43.38,2
43.39,2
43.4,2
43.41,1
43.42,3
43.43,3
43.44,1
43.45,1
43.46,2
43.47,2
43.48,1
43.49,1
43.5,1
43.51,0
43.52,0
43.53,1
43.54,0
43.55,1
43.56,0
43.57,1
43.58,1
43.59,1
43.6,1
43.61,2
43.62,1
43.63,1
43.64,2
43.65,2
43.66,1
43.67,2
43.68,2
43.69,1
43.7,2
43.71,2
43.72,2
43.73,2
43.74,1
43.75,2
43.76,3
43.77,2
43.78,1
43.79,2
43.8,2
43.81,1
43.82,2
43.83,1
43.84,1
43.85,2
43.86,1
43.87,1
43.88,1
43.89,0
43.9,1
43.91,1
43.92,1
43.93,1
43.94,1
43.95,1
43.96,1
43.97,1
43.98,1
43.99,1
44,1
44.01,1
44.02,1
44.03,2
44.04,1
44.05,0
44.06,2
44.07,3
44.08,1
44.09,0
44.1,1
44.11,1
44.12,0
44.13,1
44.14,1
44.15,0
44.16,1
44.17,1
44.18,0
44.19,1
44.2,1
44.21,0
44.22,1
44.23,1
44.24,0
44.25,0
44.26,1
44.27,1
44.28,0
44.29,1
44.3,1
44.31,0
44.32,1
44.33,1
44.34,0
44.35,1
44.36,1
44.37,1
44.38,1
44.39,0
44.4,1
44.41,1
44.42,1
44.43,1
44.44,2
44.45,0
44.46,4
44.47,2
44.48,1
44.49,2
44.5,2
44.51,1
44.52,1
44.53,1
44.54,3
44.55,1
44.56,1
44.57,2
44.58,2
44.59,2
44.6,1
44.61,1
44.62,1
44.63,1
44.64,2
44.65,1
44.66,2
44.67,1
44.68,2
44.69,1
44.7,1
44.71,1
44.72,1
44.73,1
44.74,2
44.75,1
44.76,1
44.77,1
44.78,2
44.79,0
44.8,1
44.81,1
44.82,1
44.83,1
44.84,1
44.85,1
44.86,1
44.87,1
44.88,1
44.89,0
44.9,1
44.91,1
44.92,0
44.93,1
44.94,1
44.95,0
44.96,1
44.97,0
44.98,1
44.99,0
45,1
45.01,0
45.02,1
45.03,0
45.04,1
45.05,2
45.06,1
45.07,2
45.08,1
45.09,1
45.1,1
45.11,0
45.12,15
45.13,23
45.14,29
45.15,8
45.16,1
45.17,2
45.18,1
45.19,0
45.2,0
45.21,1
45.22,1
45.23,0
45.24,2
45.25,2
45.26,1
45.27,2
45.28,2
45.29,1
45.3,3
45.31,2
45.32,1
45.33,1
45.34,3
45.35,1
45.36,1
45.37,1
45.38,0
45.39,2
45.4,2
45.41,4
45.42,1
45.43,1
45.44,2
45.45,1
45.46,3
45.47,1
45.48,1
45.49,2
45.5,1
45.51,2
45.52,1
45.53,1
45.54,3
45.55,2
45.56,1
45.57,2
45.58,1
45.59,2
45.6,0
45.61,1
45.62,1
45.63,1
45.64,0
45.65,1
45.66,2
45.67,1
45.68,1
45.69,1
45.7,2
45.71,2
45.72,2
45.73,0
45.74,1
45.75,2
45.76,0
45.77,2
45.78,2
45.79,0
45.8,3
45.81,2
45.82,1
45.83,0
45.84,2
45.85,1
45.86,2
45.87,1
45.88,1
45.89,1
45.9,1
45.91,2
45.92,3
45.93,2
45.94,0
45.95,1
45.96,1
45.97,0
45.98,1
45.99,2
46,1
46.01,0
46.02,3
46.03,1
46.04,3
46.05,0
46.06,2
46.07,0
46.08,0
46.09,0
46.1,0
46.11,0
46.12,0
46.13,0
46.14,1
46.15,0
46.16,1
46.17,1
46.18,0
46.19,1
46.2,2
46.21,0
46.22,2
46.23,1
46.24,0
46.25,0
46.26,1
46.27,0
46.28,1
46.29,1
46.3,1
46.31,1
46.32,2
46.33,1
46.34,2
46.35,1
46.36,2
46.37,1
46.38,2
46.39,2
46.4,2
46.41,1
46.42,2
46.43,2
46.44,2
46.45,2
46.46,2
46.47,2
46.48,3
46.49,2
46.5,2
46.51,4
46.52,3
46.53,1
46.54,2
46.55,1
46.56,4
46.57,2
46.58,2
46.59,1
46.6,6
46.61,3
46.62,3
46.63,2
46.64,2
46.65,1
46.66,1
46.67,1
46.68,1
46.69,1
46.7,1
46.71,1
46.72,2
46.73,1
46.74,2
46.75,1
46.76,0
46.77,0
46.78,1
46.79,1
46.8,1
46.81,1
46.82,1
46.83,1
46.84,2
46.85,1
46.86,1
46.87,1
46.88,0
46.89,1
46.9,1
46.91,1
46.92,1
46.93,1
46.94,1
46.95,1
46.96,1
46.97,2
46.98,2
46.99,1
47,1
47.01,1
47.02,1
47.03,1
47.04,2
47.05,1
47.06,0
47.07,1
47.08,1
47.09,1
47.1,1
47.11,1
47.12,1
47.13,1
47.14,1
47.15,1
47.16,0
47.17,1
47.18,1
47.19,1
47.2,1
47.21,1
47.22,1
47.23,0
47.24,0
47.25,3
47.26,2
47.27,1
47.28,1
47.29,1
47.3,1
47.31,1
47.32,1
47.33,1
47.34,1
47.35,1
47.36,2
47.37,1
47.38,2
47.39,1
47.4,1
47.41,1
47.42,0
47.43,1
47.44,1
47.45,1
47.46,0
47.47,1
47.48,0
47.49,1
47.5,1
47.51,1
47.52,0
47.53,1
47.54,1
47.55,0
47.56,1
47.57,0
47.58,1
47.59,1
47.6,0
47.61,1
47.62,1
47.63,0
47.64,1
47.65,1
47.66,1
47.67,0
47.68,1
47.69,1
47.7,0
47.71,1
47.72,1
47.73,1
47.74,2
47.75,0
47.76,1
47.77,1
47.78,3
47.79,3
47.8,2
47.81,3
47.82,0
47.83,2
47.84,1
47.85,3
47.86,2
47.87,2
47.88,2
47.89,2
47.9,1
47.91,1
47.92,1
47.93,1
47.94,1
47.95,3
47.96,4
47.97,2
47.98,2
47.99,1
48,1
48.01,0
48.02,3
48.03,5
48.04,22
48.05,13
48.06,1
48.07,0
48.08,1
48.09,1
48.1,1
48.11,2
48.12,1
48.13,2
48.14,1
48.15,2
48.16,2
48.17,2
48.18,4
48.19,1
48.2,1
48.21,1
48.22,2
48.23,0
48.24,0
48.25,10
48.26,2
48.27,1
48.28,1
48.29,2
48.3,1
48.31,2
48.32,2
48.33,1
48.34,1
48.35,4
48.36,2
48.37,1
48.38,2
48.39,2
48.4,3
48.41,3
48.42,2
48.43,2
48.44,1
48.45,1
48.46,2
48.47,1
48.48,2
48.49,1
48.5,1
48.51,2
48.52,1
48.53,2
48.54,2
48.55,0
48.56,1
48.57,2
48.58,1
48.59,2
48.6,2
48.61,2
48.62,3
48.63,5
48.64,3
48.65,0
48.66,1
48.67,4
48.68,2
48.69,1
48.7,2
48.71,1
48.72,3
48.73,1
48.74,1
48.75,2
48.76,4
48.77,1
48.78,2
48.79,3
48.8,2
48.81,1
48.82,1
48.83,2
48.84,3
48.85,5
48.86,4
48.87,1
48.88,1
48.89,3
48.9,2
48.91,3
48.92,1
48.93,2
48.94,3
48.95,1
48.96,1
48.97,0
48.98,0
48.99,0
49,8
49.01,2
49.02,2
49.03,2
49.04,4
49.05,4
49.06,2
49.07,4
49.08,3
49.09,1
49.1,2
49.11,2
49.12,1
49.13,3
49.14,1
49.15,0
49.16,3
49.17,1
49.18,2
49.19,2
49.2,2
49.21,1
49.22,2
49.23,2
49.24,1
49.25,2
49.26,1
49.27,2
49.28,2
49.29,1
49.3,2
49.31,2
49.32,2
49.33,2
49.34,2
49.35,2
49.36,1
49.37,2
49.38,0
49.39,1
49.4,2
49.41,2
49.42,2
49.43,3
49.44,2
49.45,1
49.46,2
49.47,3
49.48,3
49.49,0
49.5,1
49.51,2
49.52,2
49.53,0
49.54,1
49.55,1
49.56,1
49.57,1
49.58,1
49.59,3
49.6,0
49.61,1
49.62,2
49.63,3
49.64,2
49.65,2
49.66,4
49.67,3
49.68,0
49.69,2
49.7,2
49.71,3
49.72,3
49.73,0
49.74,0
49.75,0
49.76,0
49.77,3
49.78,2
49.79,1
49.8,0
49.81,1
49.82,2
49.83,4
49.84,1
49.85,2
49.86,4
49.87,1
49.88,3
49.89,2
49.9,1
49.91,1
49.92,1
49.93,1
49.94,1
49.95,1
49.96,1
49.97,1
49.98,1
49.99,3
50,1
50.01,1
50.02,1
50.03,2
50.04,1
50.05,1
50.06,1
50.07,1
50.08,1
50.09,1
50.1,1
50.11,1
50.12,1
50.13,1
50.14,1
50.15,1
50.16,1
50.17,1
50.18,1
50.19,1
50.2,1
50.21,1
50.22,1
50.23,1
50.24,1
50.25,0
50.26,2
50.27,1
50.28,1
50.29,1
50.3,1
50.31,1
50.32,1
50.33,1
50.34,0
50.35,2
50.36,1
50.37,1
50.38,1
50.39,1
50.4,1
50.41,1
50.42,1
50.43,1
50.44,1
50.45,1
50.46,1
50.47,1
50.48,1
50.49,1
50.5,1
50.51,1
50.52,1
50.53,1
50.54,1
50.55,1
50.56,1
50.57,1
50.58,1
50.59,1
50.6,1
50.61,1
50.62,1
50.63,1
50.64,1
50.65,1
50.66,1
50.67,1
50.68,0
50.69,2
50.7,1
50.71,1
50.72,3
50.73,1
50.74,1
50.75,1
50.76,1
50.77,2
50.78,4
50.79,1
50.8,2
50.81,1
50.82,1
50.83,0
50.84,2
50.85,1
50.86,2
50.87,1
50.88,1
50.89,10
50.9,26
50.91,27
50.92,4
50.93,2
50.94,4
50.95,3
50.96,3
50.97,3
50.98,1
50.99,1
51,2
51.01,2
51.02,2
51.03,2
51.04,1
51.05,2
51.06,1
51.07,2
51.08,1
51.09,1
51.1,2
51.11,1
51.12,0
51.13,3
51.14,1
51.15,1
51.16,2
51.17,3
51.18,1
51.19,0
51.2,1
51.21,0
51.22,2
51.23,1
51.24,1
51.25,2
51.26,2
51.27,2
51.28,0
51.29,1
51.3,0
51.31,1
51.32,1
51.33,1
51.34,1
51.35,1
51.36,1
51.37,1
51.38,1
51.39,2
51.4,1
51.41,2
51.42,1
51.43,2
51.44,1
51.45,0
51.46,1
51.47,0
51.48,3
51.49,3
51.5,2
51.51,2
51.52,5
51.53,1
51.54,2
51.55,2
51.56,3
51.57,2
51.58,1
51.59,2
51.6,1
51.61,4
51.62,5
51.63,1
51.64,3
51.65,2
51.66,0
51.67,2
51.68,2
51.69,2
51.7,2
51.71,0
51.72,2
51.73,3
51.74,2
51.75,1
51.76,2
51.77,0
51.78,2
51.79,2
51.8,0
51.81,2
51.82,1
51.83,1
51.84,2
51.85,3
51.86,2
51.87,3
51.88,1
51.89,2
51.9,2
51.91,3
51.92,2
51.93,3
51.94,2
51.95,1
51.96,2
51.97,1
51.98,2
51.99,2
52,1
52.01,1
52.02,3
52.03,0
52.04,1
52.05,2
52.06,1
52.07,2
52.08,1
52.09,2
52.1,2
52.11,2
52.12,1
52.13,3
52.14,1
52.15,3
52.16,1
52.17,1
52.18,2
52.19,1
52.2,2
52.21,1
52.22,2
52.23,1
52.24,2
52.25,2
52.26,3
52.27,0
52.28,2
52.29,1
52.3,3
52.31,2
52.32,2
52.33,1
52.34,3
52.35,1
52.36,3
52.37,1
52.38,2
52.39,2
52.4,1
52.41,1
52.42,2
52.43,2
52.44,2
52.45,1
52.46,1
52.47,2
52.48,2
52.49,0
52.5,1
52.51,1
52.52,3
52.53,1
52.54,2
52.55,2
52.56,2
52.57,2
52.58,2
52.59,1
52.6,2
52.61,3
52.62,1
52.63,2
52.64,2
52.65,2
52.66,2
52.67,2
52.68,0
52.69,0
52.7,3
52.71,0
52.72,2
52.73,1
52.74,2
52.75,1
52.76,1
52.77,3
52.78,2
52.79,2
52.8,2
52.81,2
52.82,1
52.83,1
52.84,2
52.85,0
52.86,1
52.87,1
52.88,1
52.89,1
52.9,1
52.91,1
52.92,1
52.93,1
52.94,1
52.95,1
52.96,1
52.97,1
52.98,0
52.99,1
53,1
53.01,1
53.02,1
53.03,0
53.04,1
53.05,1
53.06,1
53.07,1
53.08,1
53.09,1
53.1,0
53.11,1
53.12,1
53.13,1
53.14,1
53.15,1
53.16,1
53.17,0
53.18,1
53.19,1
53.2,1
53.21,1
53.22,1
53.23,0
53.24,0
53.25,1
53.26,1
53.27,1
53.28,1
53.29,1
53.3,0
53.31,1
53.32,1
53.33,0
53.34,1
53.35,1
53.36,0
53.37,1
53.38,1
53.39,0
53.4,2
53.41,0
53.42,1
53.43,0
53.44,1
53.45,1
53.46,1
53.47,1
53.48,1
53.49,1
53.5,1
53.51,1
53.52,0
53.53,1
53.54,1
53.55,1
53.56,1
53.57,1
53.58,0
53.59,1
53.6,1
53.61,1
53.62,0
53.63,1
53.64,1
53.65,1
53.66,0
53.67,1
53.68,0
53.69,1
53.7,2
53.71,1
53.72,1
53.73,2
53.74,1
53.75,1
53.76,1
53.77,2
53.78,1
53.79,2
53.8,1
53.81,1
53.82,0
53.83,1
53.84,0
53.85,2
53.86,0
53.87,1
53.88,1
53.89,0
53.9,1
53.91,0
53.92,1
53.93,1
53.94,0
53.95,2
53.96,1
53.97,0
53.98,1
53.99,2
54,1
54.01,1
54.02,1
54.03,1
54.04,2
54.05,2
54.06,1
54.07,18
54.08,21
54.09,17
54.1,2
54.11,0
54.12,3
54.13,1
54.14,2
54.15,2
54.16,1
54.17,2
54.18,1
54.19,1
54.2,0
54.21,2
54.22,1
54.23,1
54.24,1
54.25,3
54.26,2
54.27,1
54.28,2
54.29,2
54.3,1
54.31,1
54.32,2
54.33,1
54.34,2
54.35,2
54.36,1
54.37,2
54.38,2
54.39,3
54.4,1
54.41,1
54.42,2
54.43,3
54.44,0
54.45,0
54.46,0
54.47,0
54.48,0
54.49,0
54.5,0
54.51,0
54.52,0
54.53,0
54.54,1
54.55,0
54.56,1
54.57,0
54.58,1
54.59,0
54.6,1
54.61,1
54.62,0
54.63,3
54.64,2
54.65,1
54.66,1
54.67,1
54.68,0
54.69,3
54.7,2
54.71,1
54.72,2
54.73,2
54.74,2
54.75,1
54.76,3
54.77,1
54.78,1
54.79,1
54.8,2
54.81,4
54.82,3
54.83,0
54.84,3
54.85,3
54.86,1
54.87,2
54.88,1
54.89,3
54.9,3
54.91,1
54.92,2
54.93,2
54.94,1
54.95,2
54.96,1
54.97,1
54.98,2
54.99,3
55,1
55.01,3
55.02,3
55.03,2
55.04,0
55.05,2
55.06,3
55.07,2
55.08,3
55.09,1
55.1,3
55.11,2
55.12,2
55.13,2
55.14,1
55.15,3
55.16,1
55.17,2
55.18,1
55.19,2
55.2,1
55.21,1
55.22,2
55.23,1
55.24,1
55.25,4
55.26,1
55.27,1
55.28,2
55.29,1
55.3,3
55.31,2
55.32,2
55.33,2
55.34,0
55.35,2
55.36,2
55.37,1
55.38,2
55.39,2
55.4,1
55.41,2
55.42,1
55.43,2
55.44,2
55.45,0
55.46,2
55.47,2
55.48,1
55.49,3
55.5,0
55.51,2
55.52,3
55.53,1
55.54,2
55.55,2
55.56,0
55.57,2
55.58,2
55.59,1
55.6,2
55.61,0
55.62,1
55.63,4
55.64,1
55.65,3
55.66,0
55.67,4
55.68,3
55.69,2
55.7,2
55.71,1
55.72,3
55.73,0
55.74,2
55.75,2
55.76,1
55.77,2
55.78,1
55.79,4
55.8,1
55.81,3
55.82,3
55.83,3
55.84,2
55.85,2
55.86,0
55.87,0
55.88,1
55.89,2
55.9,1
55.91,1
55.92,1
55.93,2
55.94,2
55.95,1
55.96,1
55.97,1
55.98,2
55.99,1
56,1
56.01,1
56.02,1
56.03,1
56.04,1
56.05,1
56.06,1
56.07,1
56.08,1
56.09,1
56.1,1
56.11,1
56.12,1
56.13,1
56.14,1
56.15,1
56.16,1
56.17,1
56.18,1
56.19,1
56.2,1
56.21,1
56.22,1
56.23,1
56.24,0
56.25,1
56.26,1
56.27,1
56.28,1
56.29,1
56.3,1
56.31,1
56.32,1
56.33,1
56.34,1
56.35,1
56.36,1
56.37,1
56.38,1
56.39,1
56.4,1
56.41,1
56.42,1
56.43,1
56.44,1
56.45,1
56.46,1
56.47,1
56.48,1
56.49,1
56.5,1
56.51,1
56.52,1
56.53,1
56.54,1
56.55,1
56.56,1
56.57,1
56.58,1
56.59,1
56.6,1
56.61,1
56.62,1
56.63,1
56.64,1
56.65,1
56.66,1
56.67,1
56.68,1
56.69,0
56.7,1
56.71,1
56.72,1
56.73,0
56.74,1
56.75,2
56.76,1
56.77,1
56.78,1
56.79,1
56.8,1
56.81,2
56.82,1
56.83,2
56.84,1
56.85,1
56.86,1
56.87,1
56.88,1
56.89,1
56.9,1
56.91,1
56.92,1
56.93,1
56.94,0
56.95,2
56.96,1
56.97,1
56.98,1
56.99,1
57,1
57.01,0
57.02,1
57.03,1
57.04,1
57.05,1
57.06,16
57.07,18
57.08,27
57.09,8
57.1,2
57.11,0
57.12,3
57.13,1
57.14,3
57.15,2
57.16,1
57.17,2
57.18,1
57.19,1
57.2,2
57.21,1
57.22,2
57.23,2
57.24,0
57.25,3
57.26,2
57.27,2
57.28,2
57.29,1
57.3,1
57.31,1
57.32,0
57.33,1
57.34,2
57.35,1
57.36,2
57.37,1
57.38,2
57.39,1
57.4,1
57.41,2
57.42,2
57.43,1
57.44,2
57.45,0
57.46,3
57.47,2
57.48,0
57.49,3
57.5,1
57.51,1
57.52,1
57.53,1
57.54,1
57.55,1
57.56,2
57.57,1
57.58,2
57.59,2
57.6,0
57.61,2
57.62,1
57.63,2
57.64,1
57.65,3
57.66,1
57.67,1
57.68,0
57.69,0
57.7,0
57.71,0
57.72,0
57.73,0
57.74,0
57.75,0
57.76,1
57.77,0
57.78,0
57.79,1
57.8,1
57.81,1
57.82,0
57.83,1
57.84,2
57.85,1
57.86,2
57.87,1
57.88,0
57.89,2
57.9,3
57.91,1
57.92,2
57.93,3
57.94,1
57.95,2
57.96,1
57.97,2
57.98,1
57.99,2
58,0
58.01,2
58.02,2
58.03,1
58.04,2
58.05,2
58.06,1
58.07,2
58.08,1
58.09,1
58.1,2
58.11,1
58.12,2
58.13,1
58.14,2
58.15,0
58.16,2
58.17,2
58.18,1
58.19,3
58.2,0
58.21,3
58.22,0
58.23,2
58.24,0
58.25,3
58.26,2
58.27,2
58.28,1
58.29,2
58.3,1
58.31,2
58.32,2
58.33,2
58.34,2
58.35,2
58.36,2
58.37,3
58.38,2
58.39,1
58.4,2
58.41,1
58.42,2
58.43,2
58.44,1
58.45,2
58.46,1
58.47,2
58.48,1
58.49,1
58.5,2
58.51,2
58.52,1
58.53,3
58.54,0
58.55,3
58.56,0
58.57,1
58.58,3
58.59,2
58.6,1
58.61,2
58.62,1
58.63,0
58.64,3
58.65,1
58.66,2
58.67,2
58.68,0
58.69,3
58.7,0
58.71,1
58.72,2
58.73,1
58.74,1
58.75,2
58.76,1
58.77,2
58.78,3
58.79,1
58.8,2
58.81,1
58.82,2
58.83,2
58.84,2
58.85,2
58.86,1
58.87,1
58.88,0
58.89,1
58.9,1
58.91,2
58.92,1
58.93,1
58.94,0
58.95,1
58.96,1
58.97,1
58.98,1
58.99,1
59,1
59.01,1
59.02,1
59.03,1
59.04,2
59.05,0
59.06,1
59.07,1
59.08,1
59.09,1
59.1,1
59.11,1
59.12,1
59.13,0
59.14,1
59.15,1
59.16,1
59.17,0
59.18,1
59.19,1
59.2,1
59.21,1
59.22,0
59.23,1
59.24,0
59.25,1
59.26,1
59.27,0
59.28,1
59.29,0
59.3,1
59.31,1
59.32,1
59.33,0
59.34,1
59.35,1
59.36,0
59.37,1
59.38,1
59.39,1
59.4,1
59.41,0
59.42,1
59.43,1
59.44,1
59.45,1
59.46,1
59.47,1
59.48,1
59.49,2
59.5,0
59.51,1
59.52,1
59.53,1
59.54,1
59.55,1
59.56,1
59.57,1
59.58,0
59.59,1
59.6,1
59.61,1
59.62,1
59.63,1
59.64,1
59.65,1
59.66,0
59.67,1
59.68,1
59.69,0
59.7,0
59.71,2
59.72,1
59.73,2
59.74,2
59.75,1
59.76,0
59.77,2
59.78,0
59.79,1
59.8,2
59.81,1
59.82,0
59.83,1
59.84,1
59.85,0
59.86,2
59.87,1
59.88,0
59.89,2
59.9,2
59.91,1
59.92,0
59.93,1
59.94,2
59.95,0
59.96,2
59.97,1
59.98,1
59.99,0
60,2
60.01,1
60.02,1
60.03,1
60.04,1
60.05,1
60.06,1
60.07,1
60.08,0
60.09,2
60.1,1
60.11,3
60.12,28
60.13,22
60.14,2
60.15,2
60.16,3
60.17,2
60.18,2
60.19,1
60.2,2
60.21,2
60.22,2
60.23,0
60.24,1
60.25,4
60.26,3
60.27,1
60.28,1
60.29,1
60.3,2
60.31,2
60.32,1
60.33,0
60.34,2
60.35,2
60.36,0
60.37,1
60.38,1
60.39,0
60.4,2
60.41,1
60.42,3
60.43,2
60.44,2
60.45,2
60.46,2
60.47,2
60.48,1
60.49,1
60.5,2
60.51,1
60.52,2
60.53,1
60.54,2
60.55,2
60.56,2
60.57,2
60.58,2
60.59,1
60.6,3
60.61,2
60.62,3
60.63,2
60.64,1
60.65,1
60.66,1
60.67,2
60.68,2
60.69,1
60.7,2
60.71,1
60.72,1
60.73,2
60.74,1
60.75,2
60.76,2
60.77,2
60.78,2
60.79,2
60.8,2
60.81,2
60.82,2
60.83,2
60.84,1
60.85,2
60.86,1
60.87,3
60.88,0
60.89,2
60.9,1
60.91,3
60.92,2
60.93,2
60.94,1
60.95,1
60.96,1
60.97,2
60.98,2
60.99,0
61,0
61.01,0
61.02,0
61.03,0
61.04,0
61.05,0
61.06,0
61.07,0
61.08,1
61.09,0
61.1,0
61.11,1
61.12,1
61.13,0
61.14,2
61.15,1
61.16,1
61.17,2
61.18,1
61.19,2
61.2,1
61.21,3
61.22,0
61.23,0
61.24,0
61.25,0
61.26,0
61.27,0
61.28,0
61.29,1
61.3,0
61.31,1
61.32,0
61.33,1
61.34,1
61.35,1
61.36,1
61.37,1
61.38,1
61.39,2
61.4,1
61.41,2
61.42,2
61.43,2
61.44,1
61.45,0
61.46,0
61.47,0
61.48,0
61.49,0
61.5,0
61.51,0
61.52,0
61.53,0
61.54,0
61.55,0
61.56,1
61.57,0
61.58,1
61.59,1
61.6,1
61.61,1
61.62,0
61.63,2
61.64,2
61.65,1
61.66,1
61.67,2
61.68,0
61.69,0
61.7,0
61.71,0
61.72,0
61.73,0
61.74,0
61.75,0
61.76,0
61.77,0
61.78,0
61.79,0
61.8,0
61.81,0
61.82,1
61.83,0
61.84,1
61.85,1
61.86,1
61.87,0
61.88,2
61.89,0
61.9,1
61.91,1
61.92,0
61.93,1
61.94,1
61.95,1
61.96,0
61.97,0
61.98,1
61.99,1
62,1
62.01,0
62.02,1
62.03,1
62.04,1
62.05,0
62.06,1
62.07,1
62.08,0
62.09,1
62.1,2
62.11,0
62.12,2
62.13,1
62.14,0
62.15,2
62.16,2
62.17,0
62.18,2
62.19,2
62.2,1
62.21,0
62.22,2
62.23,0
62.24,0
62.25,2
62.26,1
62.27,0
62.28,2
62.29,2
62.3,1
62.31,0
62.32,1
62.33,1
62.34,1
62.35,1
62.36,0
62.37,1
62.38,0
62.39,1
62.4,1
62.41,1
62.42,0
62.43,1
62.44,1
62.45,0
62.46,1
62.47,1
62.48,0
62.49,1
62.5,1
62.51,0
62.52,0
62.53,1
62.54,0
62.55,1
62.56,1
62.57,1
62.58,0
62.59,1
62.6,0
62.61,1
62.62,1
62.63,0
62.64,0
62.65,0
62.66,0
62.67,0
62.68,0
62.69,0
62.7,0
62.71,1
62.72,0
62.73,1
62.74,1
62.75,1
62.76,2
62.77,2
62.78,1
62.79,2
62.8,1
62.81,0
62.82,0
62.83,0
62.84,0
62.85,0
62.86,1
62.87,0
62.88,2
62.89,0
62.9,2
62.91,2
62.92,0
62.93,2
62.94,2
62.95,0
62.96,2
62.97,2
62.98,0
62.99,2
63,2
63.01,0
63.02,1
63.03,2
63.04,0
63.05,2
63.06,2
63.07,1
63.08,1
63.09,0
63.1,2
63.11,2
63.12,0
63.13,2
63.14,2
63.15,0
63.16,2
63.17,1
63.18,0
63.19,2
63.2,2
63.21,0
63.22,2
63.23,0
63.24,1
63.25,1
63.26,2
63.27,2
63.28,0
63.29,1
63.3,1
63.31,0
63.32,2
63.33,2
63.34,0
63.35,2
63.36,2
63.37,0
63.38,2
63.39,2
63.4,0
63.41,2
63.42,1
63.43,2
63.44,0
63.45,2
63.46,0
63.47,2
63.48,2
63.49,0
63.5,2
63.51,2
63.52,0
63.53,2
63.54,2
63.55,0
63.56,2
63.57,1
63.58,1
63.59,2
63.6,2
63.61,0
63.62,2
63.63,2
63.64,0
63.65,2
63.66,1
63.67,0
63.68,1
63.69,0
63.7,2
63.71,2
63.72,0
63.73,2
63.74,1
63.75,0
63.76,1
63.77,0
63.78,2
63.79,0
63.8,2
63.81,2
63.82,0
63.83,2
63.84,0
63.85,1
63.86,0
63.87,0
63.88,0
63.89,0
63.9,0
63.91,1
63.92,0
63.93,2
63.94,0
63.95,2
63.96,0
63.97,2
63.98,0
63.99,0
64,2
64.01,1
64.02,1
64.03,2
64.04,2
64.05,0
64.06,2
64.07,0
64.08,2
64.09,2
64.1,0
64.11,2
64.12,2
64.13,1
64.14,1
64.15,2
64.16,0
64.17,2
64.18,2
64.19,0
64.2,2
64.21,2
64.22,0
64.23,0
64.24,0
64.25,3
64.26,1
64.27,2
64.28,0
64.29,2
64.3,2
64.31,0
64.32,2
64.33,2
64.34,0
64.35,2
64.36,2
64.37,0
64.38,2
64.39,2
64.4,0
64.41,2
64.42,0
64.43,2
64.44,2
64.45,2
64.46,0
64.47,2
64.48,1
64.49,0
64.5,1
64.51,2
64.52,0
64.53,2
64.54,2
64.55,2
64.56,0
64.57,2
64.58,0
64.59,2
64.6,2
64.61,2
64.62,0
64.63,2
64.64,1
64.65,1
64.66,1
64.67,1
64.68,0
64.69,2
64.7,2
64.71,0
64.72,2
64.73,2
64.74,0
64.75,2
64.76,1
64.77,1
64.78,2
64.79,0
64.8,2
64.81,2
64.82,0
64.83,2
64.84,2
64.85,1
64.86,0
64.87,1
64.88,1
64.89,0
64.9,2
64.91,2
64.92,0
64.93,2
64.94,2
64.95,0
64.96,1
64.97,1
64.98,0
64.99,2
65,0
65.01,2
65.02,2
65.03,0
65.04,2
65.05,2
65.06,1
65.07,1
65.08,2
65.09,0
65.1,2
65.11,2
65.12,2
65.13,0
65.14,2
65.15,2
65.16,0
65.17,2
65.18,1
65.19,0
65.2,2
65.21,0
65.22,2
65.23,2
65.24,0
65.25,2
65.26,0
65.27,2
65.28,2
65.29,0
65.3,2
65.31,2
65.32,0
65.33,2
65.34,2
65.35,0
65.36,2
65.37,1
65.38,1
65.39,0
65.4,2
65.41,0
65.42,2
65.43,0
65.44,1
65.45,1
65.46,1
65.47,1
65.48,1
65.49,1
65.5,1
65.51,1
65.52,0
65.53,1
65.54,2
65.55,1
65.56,1
65.57,0
65.58,1
65.59,0
65.6,1
65.61,1
65.62,1
65.63,1
65.64,1
65.65,1
65.66,1
65.67,1
65.68,1
65.69,1
65.7,1
65.71,1
65.72,1
65.73,1
65.74,1
65.75,1
65.76,1
65.77,1
65.78,1
65.79,1
65.8,1
65.81,1
65.82,1
65.83,1
65.84,1
65.85,1
65.86,1
65.87,2
65.88,2
65.89,1
65.9,1
65.91,1
65.92,1
65.93,2
65.94,2
65.95,1
65.96,1
65.97,2
65.98,1
65.99,1
66,2
66.01,1
66.02,0
66.03,1
66.04,1
66.05,1
66.06,2
66.07,1
66.08,0
66.09,2
66.1,1
66.11,1
66.12,1
66.13,2
66.14,0
66.15,1
66.16,1
66.17,1
66.18,1
66.19,2
66.2,2
66.21,1
66.22,2
66.23,1
66.24,0
66.25,1
66.26,2
66.27,2
66.28,3
66.29,1
66.3,5
66.31,2
66.32,4
66.33,2
66.34,1
66.35,1
66.36,1
66.37,1
66.38,1
66.39,1
66.4,0
66.41,1
66.42,1
66.43,1
66.44,1
66.45,2
66.46,1
66.47,1
66.48,2
66.49,1
66.5,3
66.51,2
66.52,1
66.53,2
66.54,2
66.55,1
66.56,3
66.57,1
66.58,3
66.59,2
66.6,0
66.61,2
66.62,0
66.63,1
66.64,1
66.65,1
66.66,1
66.67,1
66.68,1
66.69,1
66.7,1
66.71,1
66.72,0
66.73,1
66.74,1
66.75,2
66.76,0
66.77,2
66.78,14
66.79,27
66.8,25
66.81,22
66.82,12
66.83,2
66.84,1
66.85,2
66.86,1
66.87,3
66.88,1
66.89,3
66.9,2
66.91,2
66.92,1
66.93,2
66.94,1
66.95,1
66.96,1
66.97,1
66.98,4
66.99,3
67,3
67.01,2
67.02,2
67.03,3
67.04,4
67.05,0
67.06,2
67.07,2
67.08,5
67.09,4
67.1,3
67.11,1
67.12,2
67.13,1
67.14,1
67.15,1
67.16,0
67.17,1
67.18,2
67.19,1
67.2,1
67.21,1
67.22,3
67.23,1
67.24,2
67.25,2
67.26,1
67.27,2
67.28,2
67.29,1
67.3,2
67.31,0
67.32,1
67.33,2
67.34,1
67.35,1
67.36,1
67.37,2
67.38,3
67.39,2
67.4,2
67.41,2
67.42,1
67.43,2
67.44,0
67.45,0
67.46,4
67.47,1
67.48,1
67.49,2
67.5,2
67.51,5
67.52,2
67.53,3
67.54,0
67.55,2
67.56,2
67.57,1
67.58,2
67.59,2
67.6,1
67.61,3
67.62,2
67.63,1
67.64,2
67.65,2
67.66,3
67.67,1
67.68,1
67.69,1
67.7,2
67.71,4
67.72,1
67.73,5
67.74,1
67.75,0
67.76,0
67.77,13
67.78,6
67.79,1
67.8,0
67.81,4
67.82,3
67.83,4
67.84,3
67.85,1
67.86,1
67.87,1
67.88,1
67.89,1
67.9,1
67.91,1
67.92,1
67.93,1
67.94,1
67.95,1
67.96,3
67.97,3
67.98,3
67.99,3
68,3
68.01,4
68.02,2
68.03,2
68.04,3
68.05,3
68.06,3
68.07,5
68.08,2
68.09,2
68.1,2
68.11,1
68.12,2
68.13,4
68.14,4
68.15,3
68.16,2
68.17,2
68.18,1
68.19,2
68.2,1
68.21,1
68.22,2
68.23,0
68.24,0
68.25,4
68.26,1
68.27,2
68.28,2
68.29,3
68.3,2
68.31,2
68.32,4
68.33,3
68.34,3
68.35,2
68.36,4
68.37,1
68.38,3
68.39,3
68.4,0
68.41,4
68.42,3
68.43,3
68.44,2
68.45,3
68.46,1
68.47,1
68.48,1
68.49,2
68.5,2
68.51,1
68.52,2
68.53,2
68.54,3
68.55,3
68.56,3
68.57,2
68.58,1
68.59,4
68.6,4
68.61,2
68.62,1
68.63,3
68.64,3
68.65,2
68.66,5
68.67,2
68.68,2
68.69,3
68.7,5
68.71,4
68.72,4
68.73,1
68.74,2
68.75,1
68.76,1
68.77,2
68.78,1
68.79,2
68.8,2
68.81,1
68.82,1
68.83,2
68.84,0
68.85,3
68.86,3
68.87,2
68.88,2
68.89,6
68.9,3
68.91,2
68.92,1
68.93,3
68.94,5
68.95,5
68.96,5
68.97,4
68.98,3
68.99,2
69,4
69.01,2
69.02,2
69.03,1
69.04,3
69.05,1
69.06,1
69.07,1
69.08,2
69.09,1
69.1,2
69.11,2
69.12,2
69.13,1
69.14,2
69.15,2
69.16,2
69.17,2
69.18,0
69.19,2
69.2,3
69.21,0
69.22,2
69.23,1
69.24,0
69.25,4
69.26,2
69.27,1
69.28,1
69.29,1
69.3,2
69.31,2
69.32,2
69.33,0
69.34,2
69.35,2
69.36,0
69.37,2
69.38,1
69.39,1
69.4,1
69.41,1
69.42,1
69.43,4
69.44,2
69.45,3
69.46,3
69.47,4
69.48,2
69.49,2
69.5,2
69.51,2
69.52,2
69.53,1
69.54,2
69.55,1
69.56,2
69.57,2
69.58,3
69.59,1
69.6,2
69.61,1
69.62,2
69.63,0
69.64,3
69.65,3
69.66,1
69.67,3
69.68,3
69.69,2
69.7,1
69.71,3
69.72,1
69.73,2
69.74,2
69.75,4
69.76,3
69.77,2
69.78,1
69.79,2
69.8,2
69.81,2
69.82,2
69.83,1
69.84,2
69.85,2
69.86,1
69.87,1
69.88,2
69.89,2
69.9,2
69.91,2
69.92,1
69.93,3
69.94,3
69.95,0
69.96,4
69.97,1
69.98,3
69.99,3
70,2
70.01,0
70.02,3
70.03,1
70.04,1
70.05,3
70.06,2
70.07,0
70.08,2
70.09,2
70.1,1
70.11,2
70.12,1
70.13,2
70.14,3
70.15,2
70.16,2
70.17,2
70.18,1
70.19,2
70.2,0
70.21,2
70.22,2
70.23,1
70.24,2
70.25,2
70.26,0
70.27,2
70.28,2
70.29,1
70.3,3
70.31,1
70.32,3
70.33,1
70.34,2
70.35,2
70.36,2
70.37,1
70.38,2
70.39,2
70.4,2
70.41,1
70.42,2
70.43,1
70.44,2
70.45,2
70.46,1
70.47,2
70.48,1
70.49,2
70.5,2
70.51,1
70.52,0
70.53,2
70.54,2
70.55,0
70.56,3
70.57,1
70.58,2
70.59,1
70.6,3
70.61,1
70.62,2
70.63,1
70.64,2
70.65,1
70.66,3
70.67,1
70.68,2
70.69,2
70.7,2
70.71,1
70.72,1
70.73,2
70.74,1
70.75,2
70.76,2
70.77,1
70.78,1
70.79,1
70.8,3
70.81,0
70.82,2
70.83,1
70.84,3
70.85,1
70.86,1
70.87,1
70.88,1
70.89,1
70.9,1
70.91,1
70.92,1
70.93,1
70.94,0
70.95,1
70.96,1
70.97,1
70.98,1
70.99,1
71,0
71.01,0
71.02,0
71.03,0
71.04,1
71.05,0
71.06,1
71.07,0
71.08,1
71.09,1
71.1,1
71.11,0
71.12,2
71.13,0
71.14,2
71.15,0
71.16,2
71.17,0
71.18,1
71.19,1
71.2,2
71.21,1
71.22,1
71.23,1
71.24,0
71.25,1
71.26,1
71.27,1
71.28,1
71.29,1
71.3,2
71.31,1
71.32,0
71.33,1
71.34,1
71.35,1
71.36,2
71.37,1
71.38,1
71.39,1
71.4,1
71.41,0
71.42,2
71.43,0
71.44,1
71.45,1
71.46,1
71.47,1
71.48,1
71.49,0
71.5,2
71.51,0
71.52,1
71.53,1
71.54,1
71.55,1
71.56,1
71.57,1
71.58,0
71.59,1
71.6,1
71.61,1
71.62,1
71.63,1
71.64,1
71.65,1
71.66,1
71.67,1
71.68,0
71.69,1
71.7,1
71.71,1
71.72,1
71.73,1
71.74,1
71.75,1
71.76,0
71.77,1
71.78,1
71.79,1
71.8,1
71.81,0
71.82,1
71.83,1
71.84,1
71.85,0
71.86,1
71.87,1
71.88,1
71.89,1
71.9,0
71.91,1
71.92,1
71.93,1
71.94,1
71.95,0
71.96,1
71.97,1
71.98,1
71.99,1
72,1
72.01,1
72.02,1
72.03,1
72.04,1
72.05,1
72.06,2
72.07,0
72.08,0
72.09,3
72.1,0
72.11,1
72.12,0
72.13,1
72.14,1
72.15,0
72.16,1
72.17,1
72.18,1
72.19,1
72.2,1
72.21,24
72.22,21
72.23,7
72.24,0
72.25,5
72.26,1
72.27,1
72.28,2
72.29,3
72.3,3
72.31,1
72.32,3
72.33,1
72.34,3
72.35,3
72.36,1
72.37,3
72.38,1
72.39,2
72.4,2
72.41,2
72.42,1
72.43,1
72.44,2
72.45,2
72.46,1
72.47,3
72.48,2
72.49,1
72.5,1
72.51,2
72.52,2
72.53,3
72.54,1
72.55,1
72.56,5
72.57,3
72.58,4
72.59,2
72.6,1
72.61,4
72.62,1
72.63,0
72.64,0
72.65,0
72.66,0
72.67,0
72.68,0
72.69,0
72.7,0
72.71,11
72.72,6
72.73,2
72.74,1
72.75,3
72.76,1
72.77,0
72.78,0
72.79,0
72.8,0
72.81,0
72.82,0
72.83,0
72.84,5
72.85,17
72.86,1
72.87,2
72.88,2
72.89,0
72.9,0
72.91,0
72.92,0
72.93,0
72.94,0
72.95,0
72.96,0
72.97,0
72.98,4
72.99,15
73,3
73.01,3
73.02,3
73.03,5
73.04,2
73.05,2
73.06,1
73.07,0
73.08,0
73.09,0
73.1,0
73.11,0
73.12,0
73.13,0
73.14,2
73.15,18
73.16,2
73.17,1
73.18,2
73.19,0
73.2,0
73.21,0
73.22,0
73.23,0
73.24,0
73.25,0
73.26,0
73.27,1
73.28,21
73.29,2
73.3,4
73.31,0
73.32,1
73.33,0
73.34,0
73.35,0
73.36,0
73.37,0
73.38,0
73.39,0
73.4,0
73.41,0
73.42,0
73.43,0
73.44,0
73.45,0
73.46,0
73.47,0
73.48,0
73.49,0
73.5,0
73.51,0
73.52,0
73.53,0
73.54,5
73.55,32
73.56,22
73.57,2
73.58,2
73.59,0
73.6,0
73.61,0
73.62,0
73.63,0
73.64,0
73.65,0
73.66,0
73.67,0
73.68,0
73.69,0
73.7,0
73.71,0
73.72,30
73.73,1
73.74,3
73.75,2
73.76,4
73.77,0
73.78,0
73.79,0
73.8,0
73.81,0
73.82,0
73.83,0
73.84,0
73.85,0
73.86,0
73.87,0
73.88,0
73.89,16
73.9,10
73.91,1
73.92,1
73.93,0
73.94,0
73.95,0
73.96,0
73.97,0
73.98,0
73.99,0
74,0
74.01,0
74.02,0
74.03,0
74.04,0
74.05,0
74.06,0
74.07,1
74.08,1
74.09,1
74.1,0
74.11,0
74.12,0
74.13,0
74.14,0
74.15,0
74.16,0
74.17,0
74.18,0
74.19,0
74.2,0
74.21,0
74.22,0
74.23,0
74.24,0
74.25,3
74.26,2
74.27,2
74.28,0
74.29,0
74.3,0
74.31,0
74.32,0
74.33,0
74.34,0
74.35,0
74.36,0
74.37,0
74.38,0
74.39,0
74.4,0
74.41,1
74.42,1
74.43,0
74.44,1
74.45,2
74.46,0
74.47,0
74.48,0
74.49,0
74.5,0
74.51,0
74.52,0
74.53,0
74.54,0
74.55,0
74.56,0
74.57,0
74.58,4
74.59,2
74.6,5
74.61,2
74.62,2
74.63,0
74.64,0
74.65,0
74.66,0
74.67,0
74.68,0
74.69,0
74.7,0
74.71,0
74.72,0
74.73,0
74.74,0
74.75,0
74.76,1
74.77,1
74.78,1
74.79,2
74.8,0
74.81,0
74.82,0
74.83,0
74.84,0
74.85,0
74.86,0
74.87,0
74.88,0
74.89,0
74.9,0
74.91,0
74.92,0
74.93,1
74.94,1
74.95,1
74.96,2
74.97,5
74.98,0
74.99,0
75,0
75.01,0
75.02,0
75.03,0
75.04,0
75.05,0
75.06,0
75.07,0
75.08,0
75.09,0
75.1,22
75.11,2
75.12,2
75.13,1
75.14,1
75.15,0
75.16,0
75.17,0
75.18,0
75.19,0
75.2,0
75.21,0
75.22,0
75.23,0
75.24,0
75.25,0
75.26,0
75.27,12
75.28,10
75.29,2
75.3,3
75.31,1
75.32,0
75.33,0
75.34,0
75.35,0
75.36,0
75.37,0
75.38,0
75.39,0
75.4,0
75.41,0
75.42,0
75.43,0
75.44,8
75.45,14
75.46,1
75.47,3
75.48,2
75.49,0
75.5,0
75.51,0
75.52,0
75.53,0
75.54,0
75.55,0
75.56,0
75.57,0
75.58,0
75.59,0
75.6,0
75.61,4
75.62,16
75.63,2
75.64,1
75.65,1
75.66,1
75.67,0
75.68,0
75.69,0
75.7,0
75.71,0
75.72,0
75.73,0
75.74,0
75.75,0
75.76,0
75.77,0
75.78,0
75.79,28
75.8,2
75.81,1
75.82,2
75.83,1
75.84,0
75.85,0
75.86,0
75.87,0
75.88,0
75.89,0
75.9,0
75.91,0
75.92,0
75.93,0
75.94,0
75.95,0
75.96,14
75.97,3
75.98,7
75.99,0
76,1
76.01,0
76.02,0
76.03,0
76.04,0
76.05,0
76.06,0
76.07,0
76.08,0
76.09,0
76.1,0
76.11,0
76.12,0
76.13,14
76.14,6
76.15,1
76.16,1
76.17,2
76.18,0
76.19,0
76.2,0
76.21,0
76.22,0
76.23,0
76.24,0
76.25,0
76.26,0
76.27,0
76.28,0
76.29,0
76.3,10
76.31,11
76.32,1
76.33,0
76.34,4
76.35,0
76.36,0
76.37,0
76.38,0
76.39,0
76.4,0
76.41,0
76.42,0
76.43,1
76.44,14
76.45,2
76.46,1
76.47,3
76.48,0
76.49,0
76.5,0
76.51,0
76.52,0
76.53,0
76.54,0
76.55,0
76.56,0
76.57,6
76.58,10
76.59,1
76.6,2
76.61,0
76.62,1
76.63,0
76.64,0
76.65,0
76.66,0
76.67,7
76.68,4
76.69,1
76.7,3
76.71,2
76.72,1
76.73,1
76.74,3
76.75,2
76.76,1
76.77,2
76.78,3
76.79,1
76.8,2
76.81,1
76.82,2
76.83,2
76.84,0
76.85,2
76.86,1
76.87,1
76.88,1
76.89,1
76.9,1
76.91,1
76.92,1
76.93,1
76.94,1
76.95,1
76.96,1
76.97,2
76.98,1
76.99,1
77,1
77.01,1
77.02,1
77.03,1
77.04,1
77.05,1
77.06,1
77.07,1
77.08,0
77.09,1
77.1,1
77.11,0
77.12,1
77.13,1
77.14,1
77.15,1
77.16,1
77.17,0
77.18,1
77.19,1
77.2,1
77.21,1
77.22,1
77.23,0
77.24,0
77.25,1
77.26,1
77.27,0
77.28,1
77.29,1
77.3,0
77.31,1
77.32,1
77.33,1
77.34,0
77.35,1
77.36,1
77.37,0
77.38,1
77.39,1
77.4,1
77.41,0
77.42,2
77.43,1
77.44,1
77.45,1
77.46,1
77.47,1
77.48,0
77.49,2
77.5,1
77.51,1
77.52,1
77.53,0
77.54,1
77.55,1
77.56,1
77.57,0
77.58,1
77.59,1
77.6,0
77.61,1
77.62,1
77.63,0
77.64,1
77.65,1
77.66,1
77.67,1
77.68,0
77.69,1
77.7,0
77.71,1
77.72,1
77.73,1
77.74,1
77.75,0
77.76,1
77.77,1
77.78,0
77.79,1
77.8,1
77.81,0
77.82,2
77.83,1
77.84,1
77.85,1
77.86,1
77.87,0
77.88,1
77.89,1
77.9,1
77.91,1
77.92,2
77.93,0
77.94,2
77.95,1
77.96,1
77.97,1
77.98,1
77.99,1
78,1
78.01,1
78.02,1
78.03,1
78.04,1
78.05,2
78.06,2
78.07,1
78.08,0
78.09,1
78.1,1
78.11,1
78.12,1
78.13,1
78.14,1
78.15,0
78.16,1
78.17,1
78.18,1
78.19,0
78.2,2
78.21,1
78.22,0
78.23,2
78.24,0
78.25,1
78.26,1
78.27,1
78.28,1
78.29,1
78.3,1
78.31,1
78.32,0
78.33,2
78.34,0
78.35,8
78.36,24
78.37,28
78.38,4
78.39,2
78.4,2
78.41,1
78.42,2
78.43,1
78.44,2
78.45,2
78.46,2
78.47,1
78.48,2
78.49,1
78.5,2
78.51,1
78.52,2
78.53,2
78.54,2
78.55,2
78.56,3
78.57,1
78.58,1
78.59,3
78.6,1
78.61,1
78.62,3
78.63,2
78.64,1
78.65,1
78.66,2
78.67,0
78.68,3
78.69,1
78.7,3
78.71,1
78.72,2
78.73,1
78.74,2
78.75,2
78.76,2
78.77,2
78.78,2
78.79,1
78.8,2
78.81,2
78.82,2
78.83,1
78.84,2
78.85,1
78.86,2
78.87,0
78.88,2
78.89,1
78.9,3
78.91,1
78.92,2
78.93,2
78.94,2
78.95,1
78.96,4
78.97,1
78.98,0
78.99,2
79,1
79.01,0
79.02,0
79.03,1
79.04,1
79.05,0
79.06,0
79.07,0
79.08,6
79.09,1
79.1,1
79.11,1
79.12,0
79.13,4
79.14,2
79.15,2
79.16,1
79.17,1
79.18,1
79.19,0
79.2,3
79.21,2
79.22,1
79.23,2
79.24,1
79.25,2
79.26,2
79.27,2
79.28,1
79.29,2
79.3,1
79.31,2
79.32,1
79.33,2
79.34,2
79.35,2
79.36,0
79.37,1
79.38,2
79.39,1
79.4,2
79.41,2
79.42,1
79.43,1
79.44,3
79.45,2
79.46,1
79.47,2
79.48,1
79.49,1
79.5,2
79.51,1
79.52,1
79.53,1
79.54,2
79.55,1
79.56,2
79.57,0
79.58,1
79.59,2
79.6,2
79.61,2
79.62,1
79.63,1
79.64,2
79.65,1
79.66,1
79.67,1
79.68,3
79.69,2
79.7,2
79.71,0
79.72,0
79.73,0
79.74,0
79.75,1
79.76,0
79.77,1
79.78,1
79.79,2
79.8,1
79.81,1
79.82,2
79.83,1
79.84,1
79.85,2
79.86,0
79.87,2
79.88,1
79.89,1
79.9,1
79.91,0
79.92,1
79.93,1
79.94,1
79.95,0
79.96,1
79.97,2
79.98,1
79.99,1
80,1
80.01,0
80.02,0
80.03,3
80.04,0
80.05,1
80.06,1
80.07,1
80.08,1
80.09,0
80.1,1
80.11,1
80.12,1
80.13,1
80.14,1
80.15,1
80.16,1
80.17,1
80.18,1
80.19,1
80.2,1
80.21,1
80.22,1
80.23,1
80.24,0
80.25,1
80.26,1
80.27,2
80.28,1
80.29,1
80.3,1
80.31,1
80.32,1
80.33,1
80.34,0
80.35,1
80.36,2
80.37,1
80.38,1
80.39,1
80.4,1
80.41,1
80.42,0
80.43,1
80.44,1
80.45,1
80.46,0
80.47,1
80.48,2
80.49,0
80.5,2
80.51,1
80.52,1
80.53,1
80.54,1
80.55,1
80.56,1
80.57,1
80.58,1
80.59,1
80.6,0
80.61,2
80.62,1
80.63,1
80.64,1
80.65,1
80.66,1
80.67,1
80.68,1
80.69,1
80.7,1
80.71,0
80.72,1
80.73,2
80.74,1
80.75,1
80.76,1
80.77,2
80.78,0
80.79,1
80.8,1
80.81,0
80.82,1
80.83,2
80.84,1
80.85,1
80.86,0
80.87,1
80.88,1
80.89,2
80.9,1
80.91,1
80.92,1
80.93,1
80.94,0
80.95,1
80.96,0
80.97,1
80.98,0
80.99,1
81,1
81.01,1
81.02,0
81.03,1
81.04,1
81.05,1
81.06,0
81.07,1
81.08,1
81.09,1
81.1,0
81.11,2
81.12,0
81.13,1
81.14,2
81.15,1
81.16,0
81.17,2
81.18,2
81.19,1
81.2,1
81.21,1
81.22,1
81.23,1
81.24,0
81.25,1
81.26,1
81.27,1
81.28,1
81.29,1
81.3,1
81.31,1
81.32,13
81.33,26
81.34,24
81.35,3
81.36,2
81.37,2
81.38,3
81.39,0
81.4,2
81.41,2
81.42,3
81.43,1
81.44,2
81.45,2
81.46,0
81.47,2
81.48,1
81.49,0
81.5,2
81.51,0
81.52,1
81.53,3
81.54,1
81.55,2
81.56,2
81.57,1
81.58,1
81.59,2
81.6,2
81.61,2
81.62,2
81.63,0
81.64,3
81.65,2
81.66,1
81.67,3
81.68,1
81.69,2
81.7,3
81.71,1
81.72,1
81.73,2
81.74,1
81.75,2
81.76,3
81.77,2
81.78,2
81.79,2
81.8,1
81.81,2
81.82,1
81.83,1
81.84,2
81.85,1
81.86,1
81.87,2
81.88,1
81.89,2
81.9,2
81.91,0
81.92,2
81.93,2
81.94,2
81.95,1
81.96,1
81.97,2
81.98,2
81.99,0
82,2
82.01,1
82.02,1
82.03,2
82.04,0
82.05,3
82.06,0
82.07,2
82.08,2
82.09,2
82.1,1
82.11,3
82.12,2
82.13,2
82.14,0
82.15,4
82.16,0
82.17,3
82.18,2
82.19,1
82.2,3
82.21,2
82.22,2
82.23,1
82.24,0
82.25,4
82.26,1
82.27,1
82.28,2
82.29,1
82.3,2
82.31,1
82.32,2
82.33,2
82.34,1
82.35,3
82.36,1
82.37,2
82.38,2
82.39,1
82.4,2
82.41,1
82.42,2
82.43,0
82.44,2
82.45,2
82.46,2
82.47,0
82.48,2
82.49,2
82.5,1
82.51,2
82.52,2
82.53,1
82.54,1
82.55,2
82.56,1
82.57,2
82.58,1
82.59,1
82.6,1
82.61,2
82.62,2
82.63,2
82.64,2
82.65,1
82.66,2
82.67,3
82.68,2
82.69,2
82.7,2
82.71,1
82.72,2
82.73,1
82.74,1
82.75,1
82.76,1
82.77,2
82.78,1
82.79,1
82.8,2
82.81,1
82.82,3
82.83,1
82.84,2
82.85,1
82.86,1
82.87,1
82.88,1
82.89,2
82.9,0
82.91,1
82.92,1
82.93,1
82.94,1
82.95,1
82.96,1
82.97,1
82.98,1
82.99,1
83,1
83.01,1
83.02,1
83.03,1
83.04,1
83.05,1
83.06,1
83.07,1
83.08,1
83.09,1
83.1,0
83.11,1
83.12,1
83.13,1
83.14,1
83.15,1
83.16,0
83.17,1
83.18,1
83.19,1
83.2,1
83.21,0
83.22,2
83.23,0
83.24,0
83.25,1
83.26,1
83.27,1
83.28,0
83.29,1
83.3,1
83.31,1
83.32,1
83.33,1
83.34,1
83.35,1
83.36,1
83.37,1
83.38,1
83.39,1
83.4,1
83.41,1
83.42,0
83.43,1
83.44,0
83.45,1
83.46,1
83.47,0
83.48,1
83.49,1
83.5,1
83.51,0
83.52,1
83.53,1
83.54,0
83.55,1
83.56,1
83.57,1
83.58,0
83.59,1
83.6,1
83.61,0
83.62,1
83.63,1
83.64,0
83.65,1
83.66,1
83.67,0
83.68,1
83.69,1
83.7,1
83.71,1
83.72,1
83.73,0
83.74,1
83.75,1
83.76,0
83.77,2
83.78,0
83.79,2
83.8,3
83.81,1
83.82,0
83.83,1
83.84,2
83.85,2
83.86,1
83.87,1
83.88,1
83.89,1
83.9,0
83.91,1
83.92,1
83.93,1
83.94,2
83.95,1
83.96,1
83.97,1
83.98,1
83.99,1
84,2
84.01,0
84.02,3
84.03,0
84.04,3
84.05,1
84.06,2
84.07,1
84.08,1
84.09,8
84.1,11
84.11,13
84.12,2
84.13,0
84.14,1
84.15,3
84.16,1
84.17,1
84.18,3
84.19,1
84.2,3
84.21,0
84.22,0
84.23,3
84.24,0
84.25,4
84.26,0
84.27,1
84.28,2
84.29,1
84.3,2
84.31,2
84.32,2
84.33,2
84.34,0
84.35,2
84.36,2
84.37,1
84.38,2
84.39,1
84.4,2
84.41,1
84.42,2
84.43,1
84.44,2
84.45,2
84.46,1
84.47,2
84.48,1
84.49,1
84.5,2
84.51,3
84.52,2
84.53,0
84.54,1
84.55,1
84.56,2
84.57,1
84.58,1
84.59,1
84.6,1
84.61,2
84.62,1
84.63,2
84.64,2
84.65,2
84.66,3
84.67,0
84.68,2
84.69,2
84.7,2
84.71,1
84.72,2
84.73,2
84.74,2
84.75,1
84.76,2
84.77,1
84.78,1
84.79,1
84.8,1
84.81,1
84.82,1
84.83,2
84.84,2
84.85,2
84.86,2
84.87,0
84.88,3
84.89,1
84.9,2
84.91,1
84.92,2
84.93,2
84.94,2
84.95,2
84.96,0
84.97,1
84.98,2
84.99,1
85,3
85.01,3
85.02,1
85.03,2
85.04,2
85.05,1
85.06,2
85.07,1
85.08,1
85.09,0
85.1,3
85.11,2
85.12,2
85.13,1
85.14,1
85.15,1
85.16,1
85.17,1
85.18,2
85.19,1
85.2,1
85.21,3
85.22,2
85.23,1
85.24,1
85.25,1
85.26,2
85.27,0
85.28,2
85.29,2
85.3,1
85.31,0
85.32,1
85.33,2
85.34,1
85.35,2
85.36,1
85.37,1
85.38,1
85.39,1
85.4,2
85.41,1
85.42,1
85.43,2
85.44,1
85.45,1
85.46,0
85.47,1
85.48,2
85.49,1
85.5,2
85.51,1
85.52,2
85.53,2
85.54,1
85.55,0
85.56,2
85.57,1
85.58,1
85.59,1
85.6,2
85.61,0
85.62,3
85.63,1
85.64,3
85.65,2
85.66,1
85.67,0
85.68,2
85.69,2
85.7,1
85.71,2
85.72,2
85.73,2
85.74,2
85.75,3
85.76,1
85.77,2
85.78,2
85.79,2
85.8,1
85.81,1
85.82,1
85.83,0
85.84,1
85.85,1
85.86,1
85.87,0
85.88,1
85.89,1
85.9,1
85.91,0
85.92,1
85.93,1
85.94,0
85.95,1
85.96,1
85.97,0
85.98,1
85.99,1
86,1
86.01,1
86.02,0
86.03,1
86.04,1
86.05,1
86.06,0
86.07,1
86.08,1
86.09,1
86.1,1
86.11,1
86.12,1
86.13,2
86.14,0
86.15,1
86.16,1
86.17,0
86.18,1
86.19,1
86.2,1
86.21,1
86.22,1
86.23,0
86.24,1
86.25,1
86.26,1
86.27,1
86.28,1
86.29,1
86.3,1
86.31,1
86.32,1
86.33,1
86.34,1
86.35,1
86.36,1
86.37,1
86.38,1
86.39,1
86.4,1
86.41,1
86.42,1
86.43,0
86.44,1
86.45,1
86.46,1
86.47,1
86.48,1
86.49,1
86.5,1
86.51,1
86.52,1
86.53,0
86.54,1
86.55,2
86.56,1
86.57,1
86.58,0
86.59,1
86.6,1
86.61,1
86.62,1
86.63,1
86.64,1
86.65,1
86.66,2
86.67,1
86.68,0
86.69,1
86.7,1
86.71,1
86.72,1
86.73,1
86.74,2
86.75,0
86.76,2
86.77,1
86.78,1
86.79,1
86.8,1
86.81,1
86.82,1
86.83,1
86.84,1
86.85,1
86.86,2
86.87,0
86.88,1
86.89,1
86.9,0
86.91,2
86.92,1
86.93,0
86.94,1
86.95,1
86.96,2
86.97,1
86.98,0
86.99,0
87,0
87.01,1
87.02,1
87.03,0
87.04,2
87.05,2
87.06,1
87.07,1
87.08,1
87.09,1
87.1,1
87.11,1
87.12,1
87.13,1
87.14,1
87.15,1
87.16,0
87.17,19
87.18,15
87.19,9
87.2,0
87.21,0
87.22,0
87.23,0
87.24,1
87.25,0
87.26,1
87.27,0
87.28,1
87.29,1
87.3,1
87.31,1
87.32,1
87.33,1
87.34,2
87.35,1
87.36,2
87.37,1
87.38,2
87.39,0
87.4,1
87.41,1
87.42,2
87.43,3
87.44,1
87.45,0
87.46,2
87.47,2
87.48,2
87.49,3
87.5,2
87.51,1
87.52,1
87.53,1
87.54,1
87.55,1
87.56,2
87.57,3
87.58,1
87.59,0
87.6,1
87.61,2
87.62,1
87.63,2
87.64,2
87.65,1
87.66,2
87.67,1
87.68,2
87.69,1
87.7,2
87.71,1
87.72,2
87.73,3
87.74,1
87.75,2
87.76,2
87.77,1
87.78,1
87.79,1
87.8,0
87.81,0
87.82,2
87.83,1
87.84,2
87.85,1
87.86,2
87.87,2
87.88,1
87.89,1
87.9,3
87.91,1
87.92,1
87.93,0
87.94,2
87.95,2
87.96,2
87.97,2
87.98,1
87.99,2
88,2
88.01,2
88.02,0
88.03,1
88.04,1
88.05,1
88.06,1
88.07,2
88.08,2
88.09,0
88.1,2
88.11,2
88.12,1
88.13,3
88.14,2
88.15,1
88.16,2
88.17,1
88.18,1
88.19,2
88.2,1
88.21,0
88.22,4
88.23,2
88.24,0
88.25,4
88.26,2
88.27,3
88.28,1
88.29,1
88.3,0
88.31,1
88.32,2
88.33,1
88.34,2
88.35,1
88.36,2
88.37,1
88.38,2
88.39,3
88.4,3
88.41,1
88.42,2
88.43,2
88.44,0
88.45,3
88.46,1
88.47,2
88.48,1
88.49,2
88.5,1
88.51,2
88.52,2
88.53,2
88.54,1
88.55,2
88.56,1
88.57,2
88.58,2
88.59,1
88.6,2
88.61,2
88.62,0
88.63,1
88.64,1
88.65,3
88.66,2
88.67,1
88.68,1
88.69,1
88.7,2
88.71,2
88.72,1
88.73,1
88.74,2
88.75,1
88.76,1
88.77,2
88.78,1
88.79,2
88.8,2
88.81,3
88.82,1
88.83,2
88.84,2
88.85,2
88.86,0
88.87,1
88.88,1
88.89,1
88.9,1
88.91,2
88.92,0
88.93,2
88.94,0
88.95,1
88.96,1
88.97,1
88.98,1
88.99,0
89,1
89.01,1
89.02,1
89.03,1
89.04,0
89.05,1
89.06,1
89.07,1
89.08,1
89.09,0
89.1,1
89.11,1
89.12,0
89.13,1
89.14,1
89.15,0
89.16,1
89.17,1
89.18,1
89.19,0
89.2,1
89.21,0
89.22,1
89.23,1
89.24,0
89.25,0
89.26,2
89.27,1
89.28,1
89.29,1
89.3,0
89.31,1
89.32,1
89.33,1
89.34,1
89.35,1
89.36,0
89.37,1
89.38,1
89.39,0
89.4,1
89.41,1
89.42,1
89.43,0
89.44,1
89.45,1
89.46,1
89.47,1
89.48,0
89.49,1
89.5,1
89.51,1
89.52,1
89.53,1
89.54,0
89.55,2
89.56,0
89.57,1
89.58,0
89.59,0
89.6,1
89.61,1
89.62,1
89.63,1
89.64,0
89.65,1
89.66,1
89.67,1
89.68,0
89.69,2
89.7,0
89.71,1
89.72,1
89.73,1
89.74,1
89.75,1
89.76,0
89.77,1
89.78,1
89.79,1
89.8,1
89.81,1
89.82,1
89.83,1
89.84,1
89.85,2
89.86,2
89.87,0
89.88,1
89.89,1
89.9,0
89.91,1
89.92,1
89.93,0
89.94,1
89.95,1
89.96,1
89.97,0
89.98,1
89.99,1
90,0
90.01,1
90.02,1
90.03,1
90.04,1
90.05,0
90.06,0
90.07,2
90.08,1
90.09,2
90.1,1
90.11,1
90.12,1
90.13,1
90.14,1
90.15,1
90.16,1
90.17,0
90.18,1
90.19,0
90.2,1
90.21,1
90.22,1
90.23,1
90.24,0
90.25,1
90.26,3
90.27,1
90.28,1
90.29,0
90.3,0
90.31,1
90.32,0
90.33,1
90.34,1
90.35,1
90.36,1
90.37,1
90.38,1
90.39,1
90.4,0
90.41,1
90.42,1
90.43,1
90.44,1
90.45,1
90.46,11
90.47,27
90.48,12
90.49,3
90.5,0
90.51,0
90.52,0
90.53,0
90.54,1
90.55,0
90.56,1
90.57,1
90.58,1
90.59,1
90.6,2
90.61,1
90.62,1
90.63,1
90.64,2
90.65,1
90.66,1
90.67,1
90.68,2
90.69,2
90.7,2
90.71,0
90.72,2
90.73,0
90.74,2
90.75,2
90.76,1
90.77,2
90.78,1
90.79,3
90.8,0
90.81,2
90.82,1
90.83,1
90.84,1
90.85,1
90.86,2
90.87,0
90.88,2
90.89,3
90.9,1
90.91,1
90.92,2
90.93,2
90.94,1
90.95,2
90.96,3
90.97,2
90.98,1
90.99,2
91,2
91.01,1
91.02,0
91.03,3
91.04,1
91.05,2
91.06,2
91.07,3
91.08,2
91.09,1
91.1,1
91.11,2
91.12,3
91.13,1
91.14,3
91.15,1
91.16,2
91.17,3
91.18,1
91.19,2
91.2,1
91.21,1
91.22,2
91.23,2
91.24,2
91.25,1
91.26,2
91.27,2
91.28,1
91.29,2
91.3,1
91.31,1
91.32,2
91.33,1
91.34,0
91.35,3
91.36,2
91.37,1
91.38,1
91.39,2
91.4,2
91.41,1
91.42,2
91.43,2
91.44,2
91.45,1
91.46,0
91.47,1
91.48,2
91.49,2
91.5,2
91.51,1
91.52,1
91.53,2
91.54,2
91.55,2
91.56,2
91.57,2
91.58,1
91.59,2
91.6,2
91.61,1
91.62,3
91.63,2
91.64,1
91.65,2
91.66,1
91.67,2
91.68,2
91.69,0
91.7,2
91.71,2
91.72,1
91.73,3
91.74,1
91.75,2
91.76,2
91.77,1
91.78,2
91.79,2
91.8,0
91.81,3
91.82,2
91.83,2
91.84,1
91.85,2
91.86,1
91.87,1
91.88,1
91.89,1
91.9,1
91.91,1
91.92,1
91.93,1
91.94,3
91.95,1
91.96,0
91.97,2
91.98,1
91.99,1
92,1
92.01,1
92.02,1
92.03,1
92.04,1
92.05,1
92.06,1
92.07,1
92.08,1
92.09,1
92.1,1
92.11,1
92.12,0
92.13,1
92.14,1
92.15,2
92.16,1
92.17,1
92.18,1
92.19,1
92.2,1
92.21,1
92.22,1
92.23,1
92.24,0
92.25,1
92.26,1
92.27,1
92.28,1
92.29,2
92.3,1
92.31,1
92.32,1
92.33,1
92.34,1
92.35,1
92.36,0
92.37,1
92.38,1
92.39,2
92.4,1
92.41,1
92.42,1
92.43,1
92.44,1
92.45,1
92.46,1
92.47,1
92.48,1
92.49,1
92.5,1
92.51,1
92.52,1
92.53,1
92.54,1
92.55,1
92.56,1
92.57,1
92.58,1
92.59,1
92.6,1
92.61,1
92.62,1
92.63,0
92.64,1
92.65,1
92.66,1
92.67,1
92.68,1
92.69,1
92.7,1
92.71,1
92.72,1
92.73,1
92.74,0
92.75,1
92.76,1
92.77,1
92.78,1
92.79,1
92.8,1
92.81,1
92.82,1
92.83,2
92.84,1
92.85,0
92.86,2
92.87,1
92.88,3
92.89,0
92.9,1
92.91,1
92.92,0
92.93,1
92.94,1
92.95,0
92.96,1
92.97,1
92.98,0
92.99,0
93,1
93.01,0
93.02,1
93.03,1
93.04,1
93.05,1
93.06,2
93.07,1
93.08,1
93.09,2
93.1,1
93.11,1
93.12,1
93.13,19
93.14,18
93.15,13
93.16,1
93.17,2
93.18,2
93.19,1
93.2,2
93.21,2
93.22,1
93.23,1
93.24,0
93.25,3
93.26,0
93.27,2
93.28,0
93.29,2
93.3,1
93.31,3
93.32,0
93.33,2
93.34,1
93.35,1
93.36,3
93.37,2
93.38,2
93.39,0
93.4,2
93.41,2
93.42,1
93.43,2
93.44,1
93.45,1
93.46,2
93.47,1
93.48,2
93.49,2
93.5,2
93.51,2
93.52,1
93.53,1
93.54,1
93.55,1
93.56,0
93.57,2
93.58,1
93.59,2
93.6,1
93.61,1
93.62,1
93.63,1
93.64,1
93.65,1
93.66,2
93.67,2
93.68,1
93.69,1
93.7,2
93.71,1
93.72,2
93.73,1
93.74,1
93.75,0
93.76,0
93.77,0
93.78,0
93.79,0
93.8,0
93.81,0
93.82,0
93.83,0
93.84,0
93.85,1
93.86,0
93.87,1
93.88,1
93.89,0
93.9,1
93.91,2
93.92,0
93.93,1
93.94,2
93.95,1
93.96,1
93.97,1
93.98,0
93.99,1
94,1
94.01,5
94.02,1
94.03,1
94.04,1
94.05,2
94.06,1
94.07,1
94.08,2
94.09,2
94.1,1
94.11,3
94.12,1
94.13,1
94.14,1
94.15,2
94.16,1
94.17,1
94.18,2
94.19,2
94.2,2
94.21,1
94.22,1
94.23,0
94.24,1
94.25,0
94.26,1
94.27,1
94.28,1
94.29,1
94.3,1
94.31,1
94.32,2
94.33,1
94.34,2
94.35,1
94.36,2
94.37,2
94.38,3
94.39,1
94.4,2
94.41,1
94.42,1
94.43,3
94.44,0
94.45,1
94.46,1
94.47,1
94.48,1
94.49,1
94.5,2
94.51,1
94.52,2
94.53,2
94.54,1
94.55,2
94.56,1
94.57,2
94.58,2
94.59,1
94.6,0
94.61,2
94.62,1
94.63,1
94.64,1
94.65,2
94.66,2
94.67,2
94.68,2
94.69,0
94.7,2
94.71,2
94.72,2
94.73,1
94.74,2
94.75,2
94.76,0
94.77,2
94.78,1
94.79,2
94.8,1
94.81,2
94.82,1
94.83,3
94.84,2
94.85,2
94.86,1
94.87,1
94.88,0
94.89,2
94.9,1
94.91,1
94.92,2
94.93,1
94.94,1
94.95,1
94.96,1
94.97,1
94.98,1
94.99,0
95,1
95.01,1
95.02,1
95.03,0
95.04,1
95.05,1
95.06,1
95.07,1
95.08,1
95.09,0
95.1,1
95.11,1
95.12,1
95.13,1
95.14,1
95.15,1
95.16,1
95.17,1
95.18,2
95.19,1
95.2,0
95.21,1
95.22,1
95.23,0
95.24,1
95.25,0
95.26,1
95.27,1
95.28,1
95.29,0
95.3,1
95.31,1
95.32,0
95.33,1
95.34,1
95.35,2
95.36,1
95.37,1
95.38,1
95.39,1
95.4,1
95.41,0
95.42,1
95.43,1
95.44,1
95.45,1
95.46,1
95.47,1
95.48,1
95.49,0
95.5,1
95.51,1
95.52,1
95.53,1
95.54,1
95.55,1
95.56,1
95.57,1
95.58,0
95.59,1
95.6,0
95.61,0
95.62,1
95.63,1
95.64,2
95.65,0
95.66,1
95.67,1
95.68,1
95.69,1
95.7,0
95.71,2
95.72,1
95.73,1
95.74,1
95.75,1
95.76,1
95.77,1
95.78,1
95.79,1
95.8,1
95.81,1
95.82,1
95.83,2
95.84,1
95.85,1
95.86,1
95.87,1
95.88,2
95.89,2
95.9,0
95.91,1
95.92,1
95.93,1
95.94,0
95.95,1
95.96,1
95.97,22
95.98,26
95.99,11
96,2
96.01,1
96.02,1
96.03,1
96.04,0
96.05,0
96.06,1
96.07,1
96.08,2
96.09,1
96.1,1
96.11,2
96.12,2
96.13,1
96.14,2
96.15,0
96.16,1
96.17,1
96.18,2
96.19,1
96.2,1
96.21,1
96.22,2
96.23,1
96.24,2
96.25,3
96.26,3
96.27,0
96.28,2
96.29,0
96.3,1
96.31,2
96.32,2
96.33,2
96.34,2
96.35,2
96.36,1
96.37,2
96.38,2
96.39,1
96.4,1
96.41,1
96.42,1
96.43,2
96.44,1
96.45,2
96.46,0
96.47,2
96.48,2
96.49,1
96.5,0
96.51,0
96.52,0
96.53,0
96.54,1
96.55,0
96.56,1
96.57,1
96.58,1
96.59,1
96.6,1
96.61,1
96.62,1
96.63,2
96.64,2
96.65,1
96.66,2
96.67,2
96.68,2
96.69,1
96.7,2
96.71,2
96.72,1
96.73,1
96.74,2
96.75,1
96.76,1
96.77,1
96.78,1
96.79,2
96.8,2
96.81,1
96.82,0
96.83,2
96.84,2
96.85,2
96.86,2
96.87,0
96.88,1
96.89,0
96.9,1
96.91,2
96.92,2
96.93,0
96.94,0
96.95,0
96.96,0
96.97,0
96.98,0
96.99,0
97,0
97.01,0
97.02,0
97.03,0
97.04,0
97.05,0
97.06,0
97.07,1
97.08,0
97.09,1
97.1,1
97.11,0
97.12,1
97.13,1
97.14,1
97.15,1
97.16,2
97.17,1
97.18,1
97.19,2
97.2,1
97.21,2
97.22,0
97.23,3
97.24,1
97.25,4
97.26,2
97.27,2
97.28,4
97.29,3
97.3,2
97.31,2
97.32,3
97.33,1
97.34,2
97.35,1
97.36,1
97.37,2
97.38,1
97.39,2
97.4,0
97.41,2
97.42,2
97.43,1
97.44,1
97.45,1
97.46,3
97.47,1
97.48,3
97.49,2
97.5,1
97.51,1
97.52,0
97.53,4
97.54,1
97.55,1
97.56,2
97.57,2
97.58,2
97.59,1
97.6,1
97.61,1
97.62,1
97.63,2
97.64,1
97.65,2
97.66,2
97.67,1
97.68,2
97.69,2
97.7,1
97.71,3
97.72,1
97.73,1
97.74,2
97.75,1
97.76,2
97.77,0
97.78,3
97.79,1
97.8,3
97.81,2
97.82,2
97.83,1
97.84,1
97.85,1
97.86,1
97.87,1
97.88,1
97.89,1
97.9,0
97.91,2
97.92,1
97.93,1
97.94,1
97.95,1
97.96,1
97.97,1
97.98,1
97.99,1
98,1
98.01,1
98.02,1
98.03,0
98.04,1
98.05,2
98.06,0
98.07,2
98.08,2
98.09,0
98.1,2
98.11,2
98.12,1
98.13,0
98.14,1
98.15,1
98.16,1
98.17,1
98.18,1
98.19,1
98.2,1
98.21,1
98.22,0
98.23,1
98.24,0
98.25,1
98.26,1
98.27,0
98.28,1
98.29,1
98.3,1
98.31,0
98.32,1
98.33,1
98.34,0
98.35,1
98.36,1
98.37,0
98.38,1
98.39,1
98.4,1
98.41,1
98.42,1
98.43,1
98.44,1
98.45,1
98.46,1
98.47,1
98.48,0
98.49,1
98.5,1
98.51,1
98.52,1
98.53,1
98.54,1
98.55,1
98.56,1
98.57,0
98.58,1
98.59,1
98.6,1
98.61,0
98.62,1
98.63,1
98.64,0
98.65,1
98.66,1
98.67,0
98.68,1
98.69,0
98.7,2
98.71,0
98.72,1
98.73,1
98.74,1
98.75,1
98.76,1
98.77,1
98.78,1
98.79,1
98.8,1
98.81,1
98.82,1
98.83,1
98.84,1
98.85,1
98.86,1
98.87,1
98.88,0
98.89,1
98.9,2
98.91,1
98.92,0
98.93,1
98.94,1
98.95,1
98.96,2
98.97,1
98.98,0
98.99,0
99,1
99.01,1
99.02,1
99.03,1
99.04,2
99.05,1
99.06,1
99.07,0
99.08,1
99.09,1
99.1,3
99.11,1
99.12,0
99.13,1
99.14,1
99.15,0
99.16,0
99.17,1
99.18,0
99.19,0
99.2,1
99.21,1
99.22,1
99.23,0
99.24,0
99.25,2
99.26,2
99.27,2
99.28,1
99.29,1
99.3,1
99.31,0
99.32,2
99.33,1
99.34,1
99.35,1
99.36,1
99.37,1
99.38,1
99.39,1
99.4,1
99.41,0
99.42,1
99.43,1
99.44,1
99.45,1
99.46,0
99.47,1
99.48,0
99.49,1
99.5,1
99.51,0
99.52,0
99.53,0
99.54,1
99.55,0
99.56,2
99.57,1
99.58,2
99.59,0
99.6,1
99.61,0
99.62,18
99.63,22
99.64,1
99.65,2
99.66,17
99.67,2
99.68,1
99.69,0
99.7,0
99.71,1
99.72,4
99.73,2
99.74,2
99.75,1
99.76,1
99.77,3
99.78,2
99.79,1
99.8,2
99.81,1
99.82,0
99.83,1
99.84,1
99.85,2
99.86,1
99.87,3
99.88,2
99.89,0
99.9,0
99.91,0
99.92,2
99.93,1
99.94,1
99.95,1
99.96,2
99.97,0
99.98,0
99.99,0
100,1
100.01,0
100.02,1
100.03,1
100.04,1
100.05,1
100.06,2
100.07,1
100.08,1
100.09,2
100.1,2
100.11,1
100.12,1
100.13,2
100.14,2
100.15,1
100.16,2
100.17,2
100.18,1
100.19,2
100.2,1
100.21,1
100.22,3
100.23,1
100.24,1
100.25,3
100.26,1
100.27,0
100.28,0
100.29,0
100.3,0
100.31,0
100.32,0
100.33,0
100.34,0
100.35,0
100.36,0
100.37,0
100.38,0
100.39,0
100.4,0
100.41,0
100.42,0
100.43,0
100.44,0
100.45,0
100.46,0
100.47,0
100.48,0
100.49,0
100.5,0
100.51,0
100.52,2

