"Interval start","All packets"
0,2
0.01,0
0.02,0
0.03,0
0.04,0
0.05,0
0.06,0
0.07,0
0.08,0
0.09,0
0.1,0
0.11,0
0.12,0
0.13,0
0.14,0
0.15,0
0.16,0
0.17,0
0.18,0
0.19,0
0.2,0
0.21,0
0.22,0
0.23,0
0.24,0
0.25,0
0.26,0
0.27,0
0.28,0
0.29,0
0.3,0
0.31,0
0.32,0
0.33,0
0.34,0
0.35,0
0.36,0
0.37,0
0.38,0
0.39,0
0.4,0
0.41,0
0.42,0
0.43,0
0.44,0
0.45,0
0.46,0
0.47,0
0.48,0
0.49,0
0.5,0
0.51,0
0.52,0
0.53,0
0.54,0
0.55,0
0.56,0
0.57,0
0.58,0
0.59,0
0.6,0
0.61,0
0.62,0
0.63,0
0.64,0
0.65,0
0.66,0
0.67,0
0.68,0
0.69,0
0.7,0
0.71,0
0.72,0
0.73,0
0.74,0
0.75,0
0.76,0
0.77,0
0.78,0
0.79,0
0.8,0
0.81,0
0.82,0
0.83,0
0.84,0
0.85,0
0.86,0
0.87,0
0.88,0
0.89,0
0.9,0
0.91,0
0.92,0
0.93,0
0.94,0
0.95,0
0.96,0
0.97,0
0.98,0
0.99,0
1,66
1.01,83
1.02,67
1.03,45
1.04,66
1.05,44
1.06,48
1.07,57
1.08,33
1.09,41
1.1,34
1.11,70
1.12,77
1.13,75
1.14,75
1.15,79
1.16,82
1.17,58
1.18,72
1.19,130
1.2,108
1.21,127
1.22,85
1.23,0
1.24,82
1.25,77
1.26,72
1.27,127
1.28,75
1.29,135
1.3,138
1.31,60
1.32,89
1.33,90
1.34,94
1.35,94
1.36,97
1.37,82
1.38,44
1.39,47
1.4,73
1.41,58
1.42,50
1.43,66
1.44,48
1.45,36
1.46,84
1.47,93
1.48,37
1.49,12
1.5,60
1.51,70
1.52,78
1.53,80
1.54,90
1.55,130
1.56,32
1.57,97
1.58,104
1.59,98
1.6,107
1.61,64
1.62,119
1.63,119
1.64,73
1.65,48
1.66,50
1.67,110
1.68,137
1.69,35
1.7,39
1.71,134
1.72,28
1.73,81
1.74,111
1.75,58
1.76,48
1.77,78
1.78,37
1.79,50
1.8,69
1.81,64
1.82,81
1.83,39
1.84,23
1.85,45
1.86,40
1.87,50
1.88,45
1.89,51
1.9,52
1.91,55
1.92,55
1.93,49
1.94,100
1.95,81
1.96,127
1.97,135
1.98,120
1.99,116
2,144
2.01,134
2.02,121
2.03,121
2.04,63
2.05,60
2.06,128
2.07,139
2.08,63
2.09,64
2.1,0
2.11,35
2.12,74
2.13,41
2.14,64
2.15,78
2.16,70
2.17,49
2.18,73
2.19,83
2.2,91
2.21,27
2.22,35
2.23,8
2.24,65
2.25,51
2.26,62
2.27,65
2.28,54
2.29,56
2.3,52
2.31,65
2.32,51
2.33,49
2.34,59
2.35,119
2.36,106
2.37,132
2.38,151
2.39,149
2.4,121
2.41,59
2.42,110
2.43,47
2.44,58
2.45,85
2.46,115
2.47,40
2.48,45
2.49,117
2.5,44
2.51,82
2.52,39
2.53,39
2.54,54
2.55,102
2.56,110
2.57,66
2.58,44
2.59,54
2.6,119
2.61,78
2.62,52
2.63,43
2.64,87
2.65,89
2.66,52
2.67,44
2.68,57
2.69,66
2.7,76
2.71,59
2.72,64
2.73,73
2.74,74
2.75,57
2.76,67
2.77,76
2.78,78
2.79,60
2.8,100
2.81,92
2.82,48
2.83,34
2.84,48
2.85,41
2.86,54
2.87,40
2.88,63
2.89,27
2.9,32
2.91,134
2.92,127
2.93,117
2.94,78
2.95,34
2.96,34
2.97,136
2.98,85
2.99,41
3,105
3.01,161
3.02,45
3.03,91
3.04,119
3.05,79
3.06,70
3.07,80
3.08,128
3.09,83
3.1,53
3.11,74
3.12,76
3.13,73
3.14,92
3.15,92
3.16,93
3.17,41
3.18,57
3.19,49
3.2,54
3.21,60
3.22,58
3.23,46
3.24,49
3.25,54
3.26,58
3.27,62
3.28,50
3.29,56
3.3,64
3.31,54
3.32,44
3.33,45
3.34,62
3.35,59
3.36,65
3.37,67
3.38,68
3.39,62
3.4,52
3.41,73
3.42,53
3.43,52
3.44,74
3.45,84
3.46,65
3.47,56
3.48,68
3.49,65
3.5,49
3.51,47
3.52,86
3.53,66
3.54,67
3.55,77
3.56,46
3.57,56
3.58,46
3.59,46
3.6,54
3.61,67
3.62,55
3.63,56
3.64,57
3.65,57
3.66,44
3.67,41
3.68,59
3.69,67
3.7,49
3.71,50
3.72,75
3.73,62
3.74,78
3.75,66
3.76,75
3.77,83
3.78,65
3.79,84
3.8,86
3.81,53
3.82,71
3.83,84
3.84,84
3.85,102
3.86,84
3.87,93
3.88,89
3.89,80
3.9,85
3.91,67
3.92,58
3.93,57
3.94,44
3.95,51
3.96,47
3.97,54
3.98,52
3.99,51
4,44
4.01,35
4.02,42
4.03,43
4.04,51
4.05,51
4.06,60
4.07,59
4.08,71
4.09,70
4.1,85
4.11,83
4.12,63
4.13,45
4.14,76
4.15,61
4.16,87
4.17,94
4.18,99
4.19,95
4.2,91
4.21,48
4.22,66
4.23,52
4.24,81
4.25,74
4.26,53
4.27,56
4.28,55
4.29,74
4.3,59
4.31,65
4.32,48
4.33,53
4.34,46
4.35,44
4.36,53
4.37,54
4.38,51
4.39,55
4.4,53
4.41,58
4.42,31
4.43,133
4.44,69
4.45,76
4.46,70
4.47,63
4.48,54
4.49,78
4.5,53
4.51,81
4.52,50
4.53,67
4.54,76
4.55,132
4.56,63
4.57,108
4.58,125
4.59,103
4.6,86
4.61,170
4.62,57
4.63,46
4.64,24
4.65,75
4.66,31
4.67,27
4.68,63
4.69,54
4.7,37
4.71,54
4.72,53
4.73,43
4.74,50
4.75,59
4.76,57
4.77,54
4.78,61
4.79,75
4.8,80
4.81,64
4.82,74
4.83,106
4.84,85
4.85,79
4.86,80
4.87,83
4.88,67
4.89,67
4.9,47
4.91,68
4.92,80
4.93,62
4.94,72
4.95,76
4.96,64
4.97,60
4.98,56
4.99,57
5,50
5.01,61
5.02,55
5.03,53
5.04,45
5.05,52
5.06,36
5.07,51
5.08,68
5.09,56
5.1,64
5.11,52
5.12,84
5.13,52
5.14,79
5.15,53
5.16,117
5.17,84
5.18,120
5.19,113
5.2,86
5.21,105
5.22,113
5.23,16
5.24,66
5.25,97
5.26,94
5.27,97
5.28,81
5.29,107
5.3,94
5.31,105
5.32,86
5.33,100
5.34,70
5.35,47
5.36,52
5.37,70
5.38,28
5.39,35
5.4,5
5.41,62
5.42,64
5.43,48
5.44,64
5.45,10
5.46,52
5.47,62
5.48,46
5.49,50
5.5,48
5.51,87
5.52,100
5.53,93
5.54,123
5.55,102
5.56,81
5.57,30
5.58,151
5.59,123
5.6,111
5.61,70
5.62,81
5.63,76
5.64,97
5.65,71
5.66,125
5.67,113
5.68,94
5.69,85
5.7,75
5.71,50
5.72,53
5.73,48
5.74,17
5.75,43
5.76,23
5.77,49
5.78,59
5.79,41
5.8,56
5.81,73
5.82,36
5.83,48
5.84,22
5.85,24
5.86,69
5.87,67
5.88,86
5.89,57
5.9,75
5.91,57
5.92,91
5.93,46
5.94,62
5.95,67
5.96,62
5.97,72
5.98,95
5.99,91
6,71
6.01,62
6.02,63
6.03,63
6.04,96
6.05,59
6.06,25
6.07,62
6.08,57
6.09,47
6.1,47
6.11,58
6.12,49
6.13,61
6.14,65
6.15,50
6.16,52
6.17,10
6.18,38
6.19,24
6.2,48
6.21,68
6.22,43
6.23,14
6.24,97
6.25,84
6.26,77
6.27,69
6.28,70
6.29,65
6.3,67
6.31,88
6.32,85
6.33,100
6.34,123
6.35,87
6.36,130
6.37,69
6.38,82
6.39,80
6.4,79
6.41,64
6.42,48
6.43,59
6.44,57
6.45,55
6.46,53
6.47,36
6.48,67
6.49,64
6.5,58
6.51,55
6.52,68
6.53,61
6.54,47
6.55,56
6.56,51
6.57,45
6.58,100
6.59,83
6.6,89
6.61,56
6.62,61
6.63,58
6.64,58
6.65,97
6.66,100
6.67,83
6.68,80
6.69,86
6.7,106
6.71,62
6.72,121
6.73,117
6.74,112
6.75,86
6.76,109
6.77,33
6.78,101
6.79,70
6.8,61
6.81,24
6.82,36
6.83,42
6.84,36
6.85,71
6.86,64
6.87,58
6.88,32
6.89,33
6.9,38
6.91,72
6.92,57
6.93,93
6.94,27
6.95,5
6.96,101
6.97,83
6.98,55
6.99,117
7,102
7.01,80
7.02,116
7.03,102
7.04,104
7.05,92
7.06,98
7.07,95
7.08,78
7.09,87
7.1,73
7.11,95
7.12,39
7.13,86
7.14,65
7.15,50
7.16,59
7.17,55
7.18,40
7.19,37
7.2,76
7.21,31
7.22,20
7.23,6
7.24,74
7.25,73
7.26,83
7.27,94
7.28,82
7.29,48
7.3,111
7.31,95
7.32,72
7.33,121
7.34,59
7.35,46
7.36,114
7.37,76
7.38,120
7.39,68
7.4,99
7.41,111
7.42,111
7.43,72
7.44,125
7.45,121
7.46,40
7.47,79
7.48,102
7.49,77
7.5,9
7.51,38
7.52,84
7.53,69
7.54,52
7.55,86
7.56,54
7.57,62
7.58,83
7.59,48
7.6,40
7.61,69
7.62,60
7.63,67
7.64,78
7.65,97
7.66,106
7.67,100
7.68,108
7.69,108
7.7,74
7.71,55
7.72,108
7.73,129
7.74,97
7.75,94
7.76,111
7.77,94
7.78,90
7.79,125
7.8,31
7.81,55
7.82,54
7.83,48
7.84,66
7.85,68
7.86,50
7.87,24
7.88,38
7.89,58
7.9,39
7.91,59
7.92,64
7.93,48
7.94,24
7.95,62
7.96,51
7.97,54
7.98,53
7.99,91
8,93
8.01,94
8.02,78
8.03,115
8.04,106
8.05,68
8.06,115
8.07,107
8.08,101
8.09,75
8.1,61
8.11,22
8.12,54
8.13,54
8.14,0
8.15,0
8.16,108
8.17,96
8.18,56
8.19,48
8.2,47
8.21,15
8.22,22
8.23,3
8.24,33
8.25,53
8.26,29
8.27,22
8.28,31
8.29,11
8.3,22
8.31,20
8.32,10
8.33,54
8.34,65
8.35,43
8.36,63
8.37,111
8.38,88
8.39,105
8.4,123
8.41,84
8.42,98
8.43,110
8.44,82
8.45,111
8.46,121
8.47,82
8.48,129
8.49,51
8.5,112
8.51,103
8.52,93
8.53,77
8.54,127
8.55,71
8.56,47
8.57,0
8.58,76
8.59,88
8.6,51
8.61,83
8.62,40
8.63,4
8.64,29
8.65,67
8.66,74
8.67,50
8.68,55
8.69,4
8.7,111
8.71,65
8.72,84
8.73,115
8.74,113
8.75,108
8.76,103
8.77,82
8.78,120
8.79,81
8.8,75
8.81,123
8.82,64
8.83,72
8.84,97
8.85,120
8.86,104
8.87,70
8.88,71
8.89,77
8.9,63
8.91,97
8.92,43
8.93,65
8.94,34
8.95,109
8.96,112
8.97,91
8.98,36
8.99,95
9,73
9.01,98
9.02,69
9.03,21
9.04,108
9.05,49
9.06,65
9.07,107
9.08,101
9.09,69
9.1,75
9.11,103
9.12,81
9.13,86
9.14,54
9.15,77
9.16,90
9.17,128
9.18,120
9.19,112
9.2,77
9.21,74
9.22,80
9.23,66
9.24,104
9.25,96
9.26,57
9.27,79
9.28,11
9.29,113
9.3,98
9.31,29
9.32,69
9.33,80
9.34,66
9.35,50
9.36,32
9.37,74
9.38,75
9.39,88
9.4,66
9.41,93
9.42,58
9.43,56
9.44,89
9.45,87
9.46,122
9.47,120
9.48,71
9.49,70
9.5,92
9.51,122
9.52,104
9.53,70
9.54,52
9.55,109
9.56,84
9.57,112
9.58,40
9.59,95
9.6,122
9.61,80
9.62,54
9.63,105
9.64,94
9.65,44
9.66,112
9.67,73
9.68,73
9.69,47
9.7,63
9.71,60
9.72,90
9.73,111
9.74,71
9.75,54
9.76,53
9.77,57
9.78,24
9.79,41
9.8,113
9.81,117
9.82,68
9.83,128
9.84,113
9.85,98
9.86,111
9.87,100
9.88,49
9.89,115
9.9,108
9.91,91
9.92,116
9.93,115
9.94,83
9.95,98
9.96,113
9.97,72
9.98,83
9.99,76
10,67
10.01,110
10.02,86
10.03,63
10.04,101
10.05,47
10.06,66
10.07,58
10.08,74
10.09,76
10.1,70
10.11,71
10.12,68
10.13,77
10.14,65
10.15,58
10.16,100
10.17,97
10.18,100
10.19,52
10.2,113
10.21,93
10.22,94
10.23,7
10.24,118
10.25,103
10.26,82
10.27,95
10.28,116
10.29,36
10.3,111
10.31,66
10.32,108
10.33,110
10.34,123
10.35,50
10.36,31
10.37,42
10.38,52
10.39,44
10.4,54
10.41,50
10.42,1
10.43,68
10.44,61
10.45,54
10.46,76
10.47,52
10.48,54
10.49,57
10.5,27
10.51,88
10.52,113
10.53,95
10.54,111
10.55,103
10.56,98
10.57,36
10.58,54
10.59,115
10.6,77
10.61,117
10.62,82
10.63,101
10.64,122
10.65,109
10.66,94
10.67,73
10.68,78
10.69,98
10.7,62
10.71,49
10.72,50
10.73,51
10.74,38
10.75,49
10.76,68
10.77,39
10.78,40
10.79,28
10.8,37
10.81,19
10.82,44
10.83,54
10.84,44
10.85,0
10.86,0
10.87,39
10.88,89
10.89,87
10.9,95
10.91,89
10.92,101
10.93,94
10.94,76
10.95,58
10.96,74
10.97,59
10.98,77
10.99,74
11,66
11.01,88
11.02,81
11.03,69
11.04,54
11.05,64
11.06,74
11.07,60
11.08,19
11.09,9
11.1,30
11.11,55
11.12,58
11.13,7
11.14,50
11.15,49
11.16,47
11.17,49
11.18,21
11.19,49
11.2,57
11.21,53
11.22,34
11.23,0
11.24,16
11.25,73
11.26,70
11.27,73
11.28,54
11.29,72
11.3,67
11.31,72
11.32,63
11.33,74
11.34,61
11.35,69
11.36,66
11.37,72
11.38,57
11.39,72
11.4,6
11.41,0
11.42,12
11.43,57
11.44,55
11.45,43
11.46,56
11.47,49
11.48,87
11.49,70
11.5,24
11.51,92
11.52,72
11.53,220
11.54,228
11.55,96
11.56,62
11.57,190
11.58,92
11.59,200
11.6,296
11.61,122
11.62,220
11.63,190
11.64,216
11.65,134
11.66,262
11.67,138
11.68,146
11.69,254
11.7,222
11.71,132
11.72,290
11.73,142
11.74,154
11.75,144
11.76,234
11.77,152
11.78,112
11.79,150
11.8,92
11.81,186
11.82,4
11.83,4

