"Interval start","All Packets","TCP Errors"
0,126,0
1,42,0
2,22,0
3,24,0
4,126,0
5,180,0
6,170,0
7,176,0
8,176,0
9,177,0
10,179,0
11,166,0
12,157,0
13,166,0
14,146,0
15,151,0
16,172,0
17,166,0
18,164,0
19,156,0
20,154,0
21,156,0
22,141,0
23,155,0
24,164,0
25,156,0
26,166,0
27,166,0
28,168,0
29,153,0
30,161,0
31,154,0
32,152,0
33,156,0
34,156,0
35,152,0
36,151,0
37,164,0
38,163,0
39,158,0
40,160,0
41,156,0
42,163,0
43,161,0
44,164,0
45,160,0
46,147,0
47,151,0
48,150,0
49,156,0
50,164,0
51,150,0
52,145,0
53,146,0
54,147,0
55,142,0
56,159,0
57,149,0
58,146,0
59,152,0
60,82,0
61,30,0
62,18,0
63,2,0
64,0,0
65,6,0
66,139,0
67,153,0
68,144,0
69,146,0
70,142,0
71,140,0
72,140,0
73,140,0
74,138,0
75,155,0
76,107,0
77,58,0
78,62,0
79,61,0
80,67,0
81,106,0
82,160,0
83,138,0
84,131,0
85,137,0
86,132,0
87,134,0
88,139,0
89,131,0
90,116,0
91,142,0
92,119,0
93,123,0
94,142,0
95,131,0
96,135,0
97,138,0
98,132,0
99,122,0
100,132,0
101,128,0
102,133,0
103,125,0
104,129,0
105,139,0
106,124,0
107,122,0
108,132,0
109,138,0
110,130,0
111,104,0
112,127,0
113,124,0
114,141,0
115,138,0
116,124,0
117,123,0
118,129,0
119,122,0
120,68,0
121,26,0
122,20,0
123,16,0
124,93,0
125,132,0
126,123,0
127,119,0
128,123,0
129,115,0
130,90,0
131,121,0
132,116,0
133,110,0
134,112,0
135,120,0
136,132,0
137,108,0
138,123,0
139,117,0
140,122,0
141,116,0
142,114,0
143,130,0
144,118,0
145,133,0
146,127,0
147,127,0
148,125,0
149,127,0
150,127,0
151,118,0
152,116,0
153,119,0
154,124,0
155,125,0
156,118,0
157,130,0
158,118,0
159,114,0
160,118,0
161,124,0
162,110,0
163,116,0
164,110,0
165,108,0
166,126,0
167,121,0
168,127,0
169,123,0
170,129,0
171,120,0
172,112,0
173,107,0
174,127,0
175,122,0
176,114,0
177,118,0
178,134,0
179,124,0
180,60,0
181,24,0
182,20,0
183,18,0
184,86,0
185,118,0
186,121,0
187,115,0
188,120,0
189,126,0
190,106,0
191,106,0
192,113,0
193,102,0
194,117,0
195,112,0
196,110,0
197,110,0
198,107,0
199,113,0
200,112,0
201,110,0
202,114,0
203,118,0
204,106,0
205,124,0
206,120,0
207,116,0
208,122,0
209,101,0
210,117,0
211,110,0
212,106,0
213,106,0
214,117,0
215,103,0
216,103,0
217,101,0
218,106,0
219,112,0
220,113,0
221,89,0
222,72,0
223,106,0
224,102,0
225,106,0
226,108,0
227,114,0
228,114,0
229,114,0
230,110,0
231,118,0
232,116,0
233,102,0
234,102,0
235,100,0
236,104,0
237,107,0
238,93,0
239,109,0
240,61,0
241,30,0
242,16,0
243,16,0
244,69,0
245,108,0
246,91,0
247,104,0
248,100,0
249,98,0
250,104,0
251,94,0
252,101,0
253,101,0
254,92,0
255,100,0
256,106,0
257,102,0
258,104,0
259,97,0
260,98,0
261,103,0
262,105,0
263,99,0
264,106,0
265,108,0
266,106,0
267,104,0
268,103,0
269,93,0
270,104,0
271,103,0
272,105,0
273,96,0
274,107,0
275,101,0
276,95,0
277,97,0
278,105,0
279,102,0
280,106,0
281,101,0
282,86,0
283,98,0
284,102,0
285,94,0
286,98,0
287,100,0
288,100,0
289,103,0
290,89,0
291,102,0
292,104,0
293,100,0
294,94,0
295,98,0
296,94,0
297,92,0
298,94,0
299,102,0
300,58,0
301,26,0
302,12,0
303,10,0
304,0,0
305,0,0
306,75,0
307,95,0
308,96,0
309,99,0
310,105,0
311,98,0
312,101,0
313,101,0
314,102,0
315,103,0
316,103,0
317,100,0
318,95,0
319,105,0
320,92,0
321,88,0
322,92,0
323,70,0
324,87,0
325,91,0
326,86,0
327,99,0
328,82,0
329,95,0
330,99,0
331,94,0
332,87,0
333,97,0
334,101,0
335,92,0
336,92,0
337,102,0
338,98,0
339,94,0
340,96,0
341,88,0
342,88,0
343,92,0
344,98,0
345,89,0
346,95,0
347,98,0
348,87,0
349,92,0
350,76,0
351,71,0
352,80,0
353,86,0
354,98,0
355,34,0
356,94,0
357,82,0
358,80,0
359,89,0
360,53,0
361,20,0
362,14,0
363,14,0
364,58,0
365,93,0
366,95,0
367,91,0
368,91,0
369,84,0
370,92,0
371,90,0
372,89,0
373,87,0
374,92,0
375,86,0
376,88,0
377,90,0
378,82,0
379,85,0
380,88,0
381,83,0
382,84,0
383,84,0
384,92,0
385,95,0
386,87,0
387,90,0
388,90,0
389,87,0
390,91,0
391,88,0
392,88,0
393,82,0
394,96,0
395,96,0
396,92,0
397,85,0
398,85,0
399,87,0
400,89,0
401,90,0
402,88,0
403,88,0
404,90,0
405,91,0
406,87,0
407,82,0
408,86,0
409,82,0
410,83,0
411,79,0
412,80,0
413,82,0
414,94,0
415,88,0
416,80,0
417,85,0
418,84,0
419,82,0
420,43,0
421,22,0
422,14,0
423,16,0
424,54,0
425,84,0
426,88,0
427,87,0
428,88,0
429,83,0
430,84,0
431,80,0
432,85,0
433,82,0
434,77,0
435,86,0
436,80,0
437,61,0
438,81,0
439,82,0
440,82,0
441,89,0
442,79,0
443,80,0
444,82,0
445,84,0
446,76,0
447,80,0
448,81,0
449,79,0
450,80,0
451,82,0
452,80,0
453,74,0
454,85,0
455,85,0
456,85,0
457,83,0
458,87,0
459,83,0
460,80,0
461,74,0
462,76,0
463,82,0
464,78,0
465,83,0
466,77,0
467,78,0
468,84,0
469,79,0
470,81,0
471,78,0
472,84,0
473,78,0
474,78,0
475,82,0
476,78,0
477,88,0
478,78,0
479,75,0
480,43,0
481,21,0
482,11,0
483,14,0
484,54,0
485,82,0
486,88,0
487,76,0
488,75,0
489,75,0
490,84,0
491,80,0
492,82,0
493,78,0
494,78,0
495,74,0
496,84,0
497,76,0
498,76,0
499,80,0
500,76,0
501,78,0
502,72,0
503,84,0
504,75,0
505,79,0
506,82,0
507,78,0
508,81,0
509,79,0
510,75,0
511,79,0
512,79,0
513,18,0
514,77,0
515,84,0
516,68,0
517,78,0
518,79,0
519,73,0
520,77,0
521,73,0
522,80,0
523,78,0
524,80,0
525,78,0
526,80,0
527,72,0
528,70,0
529,76,0
530,77,0
531,75,0
532,80,0
533,80,0
534,76,0
535,72,0
536,81,0
537,73,0
538,76,0
539,72,0
540,40,0
541,16,0
542,16,0
543,14,0
544,51,0
545,75,0
546,78,0
547,76,0
548,79,0
549,75,0
550,76,0
551,73,0
552,79,0
553,74,0
554,80,0
555,75,0
556,77,0
557,76,0
558,72,0
559,76,0
560,78,0
561,78,0
562,76,0
563,79,0
564,69,0
565,80,0
566,76,0
567,74,0
568,80,0
569,78,0
570,74,0
571,78,0
572,82,0
573,74,0
574,38,0
575,0,0
576,20,0
577,78,0
578,70,0
579,78,0
580,78,0
581,72,0
582,77,0
583,71,0
584,80,0
585,76,0
586,82,0
587,73,0
588,78,0
589,72,0
590,80,0
591,75,0
592,82,0
593,80,0
594,79,0
595,79,0
596,81,0
597,77,0
598,76,0
599,80,0
600,38,0
601,10,0
602,12,0
603,16,0
604,50,0
605,83,0
606,80,0
607,77,0
608,79,0
609,81,0
610,78,0
611,79,0
612,79,0
613,76,0
614,16,0
